43.15
51.15
57.575
63.875
69.825
76.025
81.375
86.95
92.525
97.8
103.175
108.525
113.875
119.425
124.75
129.775
135.225
140.425
146.075
151.875
157.425
163.425
168.725
173.975
179.1
184.05
189.475
195.125
200.8
206.45
252.175
260.125
266.775
272.8
278.6
284.1
289.725
295.4
300.95
306.125
311.15
317.05
322.475
327.775
332.85
337.8
343.15
348.6
354.325
359.6
365
370.175
375.55
380.9
386.525
392.35
397.95
403.475
408.725
415.725
456.5
464.625
471.65
477.875
483.8
489.25
494.95
500.65
506.05
511.6
516.775
522.625
528.85
534.975
540.55
545.7
550.9
556.125
561.3
566.85
572.225
577.825
583.3
588.45
593.575
598.7
603.95
609.1
614.425
659.175
666.15
672.4
678.575
684.45
690.075
695.675
701.425
707.3
712.625
717.925
723.075
728.525
734.3
739.625
744.875
750.175
755.575
760.8
766.325
771.925
777.75
783.625
789.3
794.775
800.35
805.55
810.925
816.175
821.7
864.975
872.375
879.525
885.1
890.675
896.175
902
907.775
914.075
919.775
926.175
931.475
936.9
942.4
947.925
953.525
959.4
964.7
970.075
975.325
980.6
985.95
991.35
996.95
1002.53
1007.98
1013.08
1018.95
1024.18
1030.75
1074.4
1080.9
1087.15
1093.33
1099.18
1104.55
1109.83
1115.5
1121
1126.75
1132.23
1137.48
1142.6
1147.63
1152.8
1158.43
1164.4
1169.6
1174.7
1179.73
1184.7
1190.6
1195.9
1201.2
1206.63
1211.93
1217.18
1222.85
1228.38
1274.6
1281.13
1287.38
1293.9
1299.53
1304.63
1309.7
1314.95
1320.28
1326.5
1332.08
1337.1
1342.13
1347.68
1353.35
1358.93
1364.03
1369.35
1374.83
1380.93
1386.28
1391.33
1396.35
1401.58
1407.25
1412.85
1418.28
1424.03
1429.65
1435.33
1482.33
1489.63
1495.75
1501.93
1507.88
1513.48
1518.98
1524.75
1530.33
1536.03
1541.6
1547.1
1552.65
1558.05
1563.4
1568.35
1573.28
1578.1
1582.8
1587.73
1592.9
1598.18
1603.48
1608.63
1614.08
1619.15
1624.33
1629.08
1634.13
1640
1688.25
1694.83
1700.88
1706.75
1712.6
1718.3
1723.78
1729.35
1734.88
1740.08
1745.58
1751.45
1757.45
1763
1768.28
1773.53
1778.6
1783.78
1788.85
1794.08
1799.15
1804.1
1809.25
1814.58
1819.93
1825.5
1831.03
1836.3
1841.5
1847.55
1896.55
1903.68
1909.68
1915.3
1920.98
1926.65
1932.03
1937.2
1942.93
1948.1
1953.83
1959.65
1965.35
1971.35
1976.75
1981.68
1986.8
1992.45
1997.73
2003.35
2008.88
2014.65
2020
2025.28
2030.6
2036.18
2041.45
2046.68
2051.58
2098.63
2105.25
2111.6
2117.43
2122.63
2128.05
2134
2139.3
2144.7
2150.6
2156
2161.53
2166.73
2172.2
2177.55
2182.85
2187.9
2193.23
2198.63
2203.95
2209.35
2214.55
2220.2
2225.3
2230.58
2235.88
2240.73
2245.45
2250.13
2254.9
2260.08
2307.95
2314.63
2320.9
2326.45
2331.83
2337.68
2342.63
2347.63
2352.93
2357.98
2362.63
2367.83
2373.45
2379.03
2384.95
2390.3
2395.85
2400.75
2406.03
2411.45
2416.85
2422.2
2427.32
2432.55
2438
2443.62
2449.55
2454.55
2459.35
2464.25
2469.42
2515.67
2522.47
2528.72
2534.47
2540.12
2545.15
2550.4
2556.45
2562.17
2568.07
2573.67
2579.35
2584.9
2590.42
2596.07
2601.9
2606.87
2612.35
2617.62
2622.62
2627.9
2633.25
2638.92
2644.12
2649.25
2654.1
2659.77
2665.42
2670.5
2676.4
2719.27
2725.92
2732.3
2737.92
2743.47
2749.15
2754.77
2760.85
2766.3
2771.62
2777.07
2782.45
2787.52
2792.37
2797.27
2802.95
2808.12
2813.05
2818.02
2823.2
2829.1
2834.65
2839.77
2844.82
2850.27
2855.97
2861.07
2866.3
2871.57
2876.3
2881.52
2924.15
2931.15
2937.27
2943.32
2949.65
2955.6
2961.42
2967.45
2973.05
2978.62
2983.67
2988.77
2994.15
2999.9
3005.62
3010.62
3015.77
3022.37
3028.55
3034.02
3039.82
3045.37
3050.52
3055.87
3061.07
3066.42
3072.35
3078.12
3083.25
3131.6
3138.12
3144.2
3150.7
3156.45
3162.12
3167.62
3173.1
3179.17
3184.82
3190.12
3195.27
3200.8
3206.77
3211.85
3217.47
3222.85
3228.12
3233.12
3238.42
3243.5
3248.45
3253.57
3259
3264.8
3270.07
3275.1
3280.67
3286.42
3291.6
3332.05
3339.35
3346
3352.4
3358.55
3365.4
3371.07
3376.32
3382.6
3388.2
3393.65
3398.97
3404.75
3409.87
3414.9
3420.22
3425.32
3430.15
3435.05
3440.3
3445.42
3450.62
3456.02
3461.55
3466.75
3472.37
3477.52
3482.85
3488.12
3493.67
3500.35
3545.22
3552.4
3558.27
3564.45
3569.92
3575.77
3581.6
3587.37
3592.97
3598.85
3604.17
3609.47
3614.4
3619.9
3625.2
3630.8
3636.25
3642.07
3647.42
3652.85
3658.02
3663.2
3669.12
3674.25
3679.6
3684.62
3689.55
3695.37
3701.07
3749.02
3755.27
3760.6
3765.82
3771.12
3777.22
3783.47
3788.7
3794.17
3800.22
3805.72
3811.45
3817.1
3822.62
3828.17
3834.1
3839.85
3845.3
3850.75
3855.95
3861.07
3866.57
3871.85
3877.25
3882.9
3888.25
3893.65
3898.82
3904.52
3955.77
3962
3967.72
3973.65
3979.1
3984.55
3989.82
3995
4000.27
4005.47
4010.8
4015.95
4021.47
4026.65
4031.85
4037.55
4043.12
4048.42
4053.82
4059.47
4064.67
4069.8
4075.15
4080.35
4085.65
4091.05
4096.4
4101.55
4107.07
4112.37
4162.05
4169.9
4176.27
4182.25
4188.15
4194.05
4199.85
4205.1
4210.55
4215.87
4221.4
4226.35
4231.15
4236.9
4242.6
4247.9
4253.7
4258.8
4264.72
4270.05
4275.7
4281.12
4286.95
4292.27
4297.8
4303.47
4308.97
4314.3
4365.82
4372.75
4379.05
4384.85
4390.2
4395.62
4401.5
4407.52
4413.57
4418.95
4424.27
4429.4
4434.7
4440.72
4446.2
4451.45
4457.02
4462.42
4467.6
4472.6
4477.8
4482.85
4488.42
4493.4
4498.9
4504.32
4510.4
4515.97
4521.6
4574.35
4582.12
4588.05
4594.77
4600.9
4606.27
4611.37
4616.72
4621.95
4626.77
4632
4637.02
4642.47
4647.85
4653.15
4658.47
4664.05
4669.12
4674.32
4679.57
4684.62
4689.7
4695.15
4700.45
4705.72
4710.8
4716.2
4721.85
4727.15
4738.62
4779.95
4786.5
4792.65
4799
4804.97
4811
4816.92
4822.37
4827.92
4833.12
4837.95
4843.17
4848.85
4854.3
4859.47
4864.65
4869.82
4875.67
4881.07
4886.02
4891.27
4896.8
4902.32
4907.67
4912.8
4918.05
4923.42
4928.6
4933.85
4941.55
4989.07
4995.4
5001.17
5007.45
5013.27
5019.22
5025.12
5030.47
5036.4
5041.77
5047.1
5052.97
5058.35
5063.72
5068.95
5074.4
5079.82
5084.97
5090.3
5095.25
5100.65
5105.9
5110.92
5116.47
5121.55
5126.37
5131.65
5136.7
5142.5
5150.22
5199.22
5205.6
5211.05
5217.72
5223.3
5228.9
5234.27
5239.82
5245.32
5250.75
5256.55
5262.27
5267.77
5273.45
5278.62
5284.17
5289.32
5294.37
5299.72
5305.02
5310.75
5316.45
5321.5
5326.8
5332.47
5337.57
5342.77
5350.47
5357.9
5400.02
5406.77
5412.85
5418.95
5424.92
5431.57
5437.62
5442.82
5448.7
5454.55
5460.05
5465.35
5470.55
5475.82
5481.12
5486.45
5491.7
5497.15
5502.77
5508.75
5514.12
5519.3
5524.65
5530.05
5535.2
5540.55
5545.95
5554.5
5562.27
5606.95
5613.72
5620.42
5626.55
5632.15
5638.65
5644.65
5650.1
5655.55
5660.6
5665.82
5671.25
5676.85
5682.05
5687.07
5692.2
5697.55
5702.57
5707.62
5713.65
5718.82
5724.52
5730.15
5735.95
5741.12
5746.3
5751.3
5758.37
5765.55
5809
5815.45
5821.37
5827.7
5833.87
5839.85
5845.77
5851.07
5856.8
5861.97
5867.12
5872.52
5878.52
5884.37
5889.85
5895.55
5900.85
5906.15
5911.55
5916.62
5921.75
5926.85
5932.12
5937.75
5943.07
5948.7
5953.97
5959.25
5966.2
5973.77
6016.17
6023
6029.22
6035.32
6041.02
6046.67
6052.02
6057.32
6063.27
6069.2
6075.07
6080.35
6086.15
6091.62
6097.15
6102.47
6107.6
6112.62
6118.15
6123.95
6129.67
6134.72
6140.35
6145.77
6151.02
6156.6
6161.72
6169.07
6174.67
6216.42
6223.52
6229.55
6235.85
6241.62
6247.42
6253.35
6259.5
6264.67
6270.45
6275.97
6281.17
6286.72
6291.97
6296.97
6302.25
6307.57
6312.87
6318.1
6323.37
6328.52
6333.95
6339.27
6344.62
6349.85
6355.32
6360.22
6365.02
6370.8
6380.37
6425.67
6432.17
6438.95
6444.82
6450.22
6456.47
6461.82
6466.87
6472.27
6478.12
6483.32
6488.97
6494.5
6499.8
6505.37
6510.77
6516.4
6521.25
6526.57
6532.2
6537.8
6543.3
6548.37
6553.75
6559.17
6564.22
6568.97
6573.87
6578.92
6585.1
6630.75
6638.45
6644.32
6649.85
6655.8
6661.52
6666.82
6672.45
6678.52
6683.92
6689.32
6695.02
6700.67
6705.82
6710.97
6716.47
6722.07
6727.02
6732.72
6738.57
6744.02
6749.5
6754.77
6760.6
6766.02
6770.95
6776.6
6782.12
6789.7
6795.67
6840.47
6846.95
6853.05
6859.32
6865.05
6870.42
6875.75
6881.22
6886.52
6891.92
6896.9
6902.32
6907.3
6912.85
6918.05
6923.17
6928.4
6933.92
6939.2
6944.45
6949.97
6956.2
6961.37
6966.77
6972.35
6977.97
6983.77
6989.4
6996.9
7047.05
7053.65
7059.95
7065.95
7072.05
7078.37
7084.65
7090.37
7095.97
7101.3
7107.07
7112.8
7118.4
7123.8
7128.85
7134.1
7139.6
7144.95
7150.72
7156.3
7161.65
7167.1
7172.62
7178.1
7183.55
7188.82
7194.05
7201.77
7247.57
7254.97
7260.82
7266.72
7272.57
7278.32
7283.67
7289.3
7294.9
7300.3
7305.9
7310.97
7316.5
7321.7
7327.17
7332.6
7338.2
7343.72
7348.92
7353.8
7358.57
7363.52
7368.85
7374.25
7380.17
7385.7
7391.3
7396.6
7403.32
7409.72
7456.87
7463.62
7469.55
7475.35
7481.62
7487.17
7492.17
7497.47
7502.45
7508.02
7513.55
7519.17
7524.25
7529.4
7534.27
7539.55
7545.05
7550.32
7555.9
7561.67
7567.05
7571.77
7577
7582.32
7587.22
7592.1
7597.3
7602.12
7607.12
7614.05
7660.72
7667.72
7674.37
7680.37
7686.32
7691.95
7697.62
7703.12
7708.6
7714.07
7719.45
7724.55
7730
7735.5
7740.9
7745.6
7750.8
7756.27
7761.72
7767.02
7772.65
7777.62
7782.72
7788.85
7794.22
7799.25
7804.65
7809.97
7817.02
7824.95
7868.8
7875.82
7881.85
7888.02
7894.52
7899.8
7904.8
7910.02
7915.27
7920.67
7925.72
7931
7936.77
7942.25
7947.47
7952.9
7958.2
7963.1
7968.2
7973.52
7978.95
7984.15
7989.75
7995.17
8000.62
8005.8
8010.77
8015.95
8022.02
8028.6
8076.5
8083.47
8089.85
8096.5
8102.1
8107.87
8113.72
8119.25
8124.35
8129.52
8134.85
8140.02
8145.95
8151.25
8156.47
8162.05
8167.47
8172.9
8178.45
8183.57
8189.25
8195.15
8200.7
8205.9
8211.27
8216.9
8222.02
8229.92
8279.02
8286.42
8293.07
8299.22
8305.07
8310.62
8315.67
8321.32
8327.07
8332.35
8337.7
8342.65
8347.87
8353.32
8358.55
8364.32
8369.85
8375.2
8380.35
8385.67
8391.17
8396.3
8401.37
8406.57
8411.6
8416.67
8421.72
8427.22
8434.15
8440.4
8483.1
8489.47
8495.85
8501.4
8506.85
8512.77
8517.87
8523.65
8529.05
8534.47
8539.77
8544.97
8550.62
8556.4
8561.5
8567.05
8572.3
8577.1
8582.05
8587.5
8592.72
8597.75
8603.27
8608.7
8613.75
8619.17
8624.17
8629.12
8634.67
8641.72
8649.05
8691.92
8699.4
8706.3
8711.9
8717.35
8722.87
8728.6
8734.05
8739.85
8745.52
8750.85
8756.27
8761.52
8767.32
8772.27
8777.85
8783.6
8789.52
8795.07
8800.02
8804.77
8810.15
8815.25
8821.07
8826.62
8831.95
8837.07
8842.87
8850.3
8901.75
8908.6
8914.67
8920.45
8926.82
8932.4
8937.65
8943.12
8948.6
8954.12
8959.42
8965.22
8970.02
8975.47
8980.82
8986.2
8991.57
8996.97
9002.25
9007.7
9013.3
9018.32
9023.3
9028.02
9033.22
9038.75
9044.77
9051.2
9060.55
9105.35
9111.95
9117.85
9123.87
9129.35
9134.85
9140.55
9145.92
9151.05
9156.62
9161.87
9167.27
9172.45
9177.75
9183.32
9189.15
9194.8
9200.35
9205.57
9211.27
9216.3
9221.52
9227.32
9232.55
9237.25
9242.6
9247.65
9252.62
9259.4
9267.3
9310.17
9317.4
9323.95
9329.92
9335.75
9341.7
9347.72
9353.47
9359.17
9364.75
9370.47
9376.05
9381.8
9386.95
9392.25
9397.82
9403.17
9408.85
9414.05
9419.05
9424.05
9429.15
9434.35
9439.37
9444.9
9450.45
9455.8
9461.17
9470.27
9517.47
9524.7
9531.02
9537.02
9543
9548.35
9553.67
9559.15
9564.6
9570.17
9575.72
9580.87
9586.4
9591.72
9597
9602.22
9607.5
9612.72
9617.97
9623.25
9628.65
9633.82
9639.3
9644.55
9649.88
9654.95
9660.53
9666.03
9673.13
9716.75
9723.53
9729.83
9736.13
9742.23
9747.8
9753.3
9758.78
9764.53
9769.85
9775.28
9780.68
9786.05
9791.75
9797.15
9802.33
9807.5
9813.15
9818.93
9824
9829.35
9834.65
9839.9
9844.75
9849.55
9854.85
9860.48
9865.83
9871.53
9878.5
9885.18
9923.93
9930.98
9937.35
9942.78
9948.68
9954.6
9960.33
9965.8
9971.15
9977.05
9982.48
9987.68
9993.1
9998.43

