41.675
48.75
55.375
61.775
66.975
72.925
78.325
83.775
89.275
94.75
100.125
105.625
111.2
116.45
121.5
127.425
133.375
138.625
144.175
149.475
154.65
159.75
165.65
171
176.225
181.425
186.8
192.375
198.125
203.4
210.25
250.375
257.35
263.825
269.775
275.05
280.3
285.625
291.825
297.025
302.35
308.35
313.55
318.9
323.75
329.4
335.2
341.025
346.15
351.775
357.35
362.95
368.2
373.775
378.85
384.075
390
395.5
400.9
406.575
412.025
456.825
463.425
470.025
475.475
481.275
487.05
492.65
498.15
503.725
509.1
514.3
519.6
525
530.125
535.575
541.225
547.025
552.8
558.2
563.45
568.825
574.2
579.525
584.825
590.25
595.5
600.875
606.6
612
616.975
666.175
672.525
678.775
684.425
690.425
695.65
701.275
706.875
712.625
718.05
723.425
729
734.55
740
745.55
751.275
757.1
762.425
767.425
772.5
777.325
782.825
788.425
793.8
799.15
804.525
809.9
815.025
820.275
866.5
873.625
879.975
886.175
891.85
897.4
902.675
907.7
913.075
918.65
924.1
929.4
934.675
939.725
944.9
950.325
955.425
960.55
966.05
971.075
976.225
981.4
986.95
992.05
997.3
1002.95
1008.58
1013.63
1018.95
1024.38
1029.48
1070.3
1077.63
1084.28
1089.75
1095.33
1100.68
1106.18
1111.5
1116.95
1122.33
1127.53
1133.7
1138.98
1144.78
1150.78
1156.5
1162.1
1167.63
1172.95
1178.28
1183.58
1188.78
1193.9
1199.18
1204.58
1210.3
1216
1221.73
1227.53
1233.65
1276.5
1284.05
1290.53
1296.93
1302.7
1308.48
1313.7
1319.45
1324.98
1330.83
1335.9
1341.08
1346.43
1351.73
1356.58
1361.85
1367.1
1372.73
1377.85
1383.15
1388.3
1393.55
1398.98
1404.4
1410.3
1415.63
1421
1426.03
1431.35
1436.98
1483.05
1490.75
1497.95
1504.45
1510.68
1516.1
1521.53
1527.05
1532.5
1537.9
1543.33
1548.35
1553.58
1558.35
1563.38
1568.7
1573.93
1579.5
1585
1590.83
1595.95
1601.4
1606.93
1612.23
1617.68
1623.33
1628.98
1634.58
1640.03
1686.98
1694.13
1701.2
1706.95
1713.23
1719.45
1724.88
1729.98
1735.48
1740.75
1745.93
1751.53
1756.7
1762.2
1767.73
1773.58
1778.93
1784.08
1789.68
1794.68
1799.65
1804.98
1810.23
1815.25
1820.55
1825.83
1831.55
1837.15
1842.65
1847.63
1894.03
1901
1907.23
1913.6
1918.98
1924.05
1929.68
1935.35
1940.83
1946.43
1951.93
1957.5
1962.98
1968.18
1973.28
1978.93
1984.68
1990.28
1995.4
2000.45
2006.1
2011.7
2016.63
2021.88
2027.35
2033.05
2039.03
2044.6
2050.2
2095.35
2102.2
2107.65
2113.6
2120.08
2125.63
2131.48
2136.95
2142.45
2147.9
2153.08
2158.68
2164.3
2169.98
2175.25
2180.83
2186.5
2191.7
2197.73
2203.15
2208.75
2214.25
2219.25
2224.63
2229.85
2235.15
2240.68
2246.3
2251.73
2257.35
2262.88
2304.88
2311.88
2318.2
2323.95
2329.35
2335.3
2340.78
2346.53
2351.9
2357.08
2362
2367.3
2373.35
2378.88
2384.15
2389.85
2394.98
2400.28
2405.83
2411.05
2416.72
2422.42
2428.02
2433.45
2438.8
2443.87
2449.17
2454.62
2459.87
2465.7
2512.9
2519.6
2525.67
2531.92
2537.42
2543.22
2548.25
2553.82
2559.67
2565.75
2571.1
2576.42
2581.82
2586.85
2592.27
2598
2603.52
2608.75
2613.72
2619.32
2624.67
2630
2635.2
2640.45
2645.47
2650.8
2656.05
2661.3
2666.5
2671.82
2723.22
2729.47
2735.45
2740.8
2746.72
2752.32
2758.5
2764.27
2769.6
2775.07
2780.7
2786.27
2792.05
2797.6
2802.65
2808.02
2813.32
2818.7
2823.77
2829.3
2834.85
2839.8
2845.12
2850.67
2856.05
2861.17
2866.25
2871.6
2876.52
2881.95
2926.87
2933.22
2939.55
2945.45
2951.3
2957
2962.87
2967.75
2972.47
2978
2983.25
2988.72
2994.72
3000.27
3006.05
3010.92
3016.1
3021.05
3026.02
3031.07
3036.47
3041.8
3046.75
3051.42
3056.25
3061.45
3066.8
3071.95
3076.9
3082.15
3087.4
3132.15
3139
3145.07
3150.82
3156.32
3162
3167.22
3172.47
3178.1
3184.27
3190.05
3195.35
3200.7
3205.62
3210.8
3216.22
3221.57
3227.1
3232.02
3237.27
3242.75
3248.1
3253.37
3258.5
3263.5
3269
3274.52
3280.27
3286.05
3291.5
3338.4
3346.02
3352.62
3358.62
3364.4
3369.87
3375.1
3380.62
3386.2
3391.67
3397.7
3403.7
3409.25
3414.65
3419.87
3425.12
3430.57
3435.4
3440.32
3445.35
3450.32
3455.35
3460.82
3466.2
3471.6
3476.57
3482.15
3487.32
3492.37
3497.52
3542.8
3549.35
3555.25
3560.82
3566.9
3572.65
3578.25
3583.8
3589.22
3595.07
3600.25
3605.67
3611.22
3616.5
3621.75
3627.15
3632.47
3638.22
3643.67
3648.97
3654.42
3659.6
3665.37
3670.85
3675.7
3680.82
3686.25
3690.95
3696.12
3701.77
3748.97
3755.75
3763.22
3769.95
3775.8
3781.17
3786.55
3792.07
3797.27
3803.12
3808.62
3813.55
3818.25
3823.37
3828.8
3834.32
3839.52
3845.35
3850.57
3855.7
3860.75
3865.87
3870.77
3875.45
3880.6
3885.45
3890.95
3896
3901.05
3906.65
3952.42
3959.05
3965.15
3971.35
3977.27
3982.77
3988
3993.15
3998.52
4003.82
4008.6
4013.75
4019
4024.7
4029.72
4034.62
4039.75
4045.05
4050.57
4056.27
4061.72
4066.62
4071.55
4076.8
4082
4087.3
4092.87
4098.05
4103.32
4109.22
4161.37
4168.2
4174.12
4180.02
4185.77
4191.8
4197.32
4203.22
4208.65
4213.9
4219.75
4224.77
4230
4235.12
4240.17
4245.62
4251.17
4256.77
4262.2
4267.9
4273.27
4278.77
4284.3
4289.8
4295.6
4300.95
4306.37
4312.62
4318.5
4367.1
4374.17
4380.62
4387
4392.92
4399.22
4405.37
4410.8
4416.35
4421.17
4426.4
4431.75
4437.15
4442.47
4447.47
4452.42
4457.8
4463.2
4468.25
4473.52
4478.92
4484.57
4489.87
4495.17
4501.05
4506.6
4512
4517.37
4522.35
4567.22
4574.32
4580.4
4586.17
4592.05
4598.05
4603.12
4608.3
4613.95
4619.75
4625.4
4630.82
4635.97
4641.12
4646.12
4651.7
4657.1
4662.67
4668.32
4674.02
4679.65
4685.05
4689.67
4694.97
4700.67
4706.27
4712.15
4717.42
4722.6
4727.62
4736.67
4779.17
4786.35
4792.55
4798.67
4804.55
4810.27
4815.42
4820.9
4826.6
4832.17
4837.45
4842.55
4847.52
4852.85
4858.57
4863.9
4868.9
4874.02
4879.15
4884.47
4889.95
4894.95
4899.87
4904.72
4909.77
4915.27
4920.7
4926.37
4931.65
4938.2
4987.97
4994.2
5000.5
5007.4
5013.47
5020.47
5027.05
5032.85
5038.5
5044.42
5050.02
5055.3
5060.2
5065.55
5071.07
5076.22
5081.05
5086.17
5091.32
5096.6
5102.07
5107.6
5113.22
5118.7
5124.17
5129.77
5135.52
5142.12
5149.77
5195.85
5202.4
5208.17
5213.77
5219.72
5225.17
5230.52
5235.47
5241.57
5246.85
5252.45
5257.8
5263.35
5268.62
5273.97
5279.12
5284.5
5290.1
5295.67
5300.92
5305.95
5311.32
5316.65
5322.27
5327.97
5333.45
5338.52
5343.4
5349.92
5357.25
5402.5
5408.65
5414.82
5420.95
5427.17
5432.9
5438.55
5443.87
5449.02
5454.77
5460.35
5466.17
5471.3
5476.65
5481.97
5487.2
5492.4
5497.72
5503.15
5508.1
5513.15
5518.6
5523.92
5529.22
5534.47
5539.37
5544.37
5550.35
5558.9
5605.55
5613.17
5618.95
5625.1
5630.65
5636.3
5641.3
5646.92
5652.4
5657.97
5663.4
5668.95
5673.9
5679.42
5685.1
5690.37
5696.07
5701.4
5706.92
5712.17
5717.75
5723.27
5728.67
5734.05
5739.1
5744.32
5749.37
5754.82
5761.8
5806.37
5815.02
5821.32
5827.1
5832.75
5838.8
5845.25
5850.7
5856.85
5862.62
5867.75
5873.1
5878.75
5884.25
5889.37
5894.7
5899.92
5905.55
5910.82
5915.85
5921.1
5926.25
5931.02
5935.92
5941.25
5946.8
5952.1
5957.7
5966.52
6019.55
6025.97
6031.57
6037.9
6043.9
6049.75
6055.35
6060.9
6065.85
6071.02
6076.4
6082.27
6087.82
6093.22
6098.72
6103.92
6109.17
6114.57
6119.92
6124.97
6130.1
6135.45
6140.65
6145.87
6150.92
6155.87
6161
6167.85
6174.8
6218.02
6225.25
6231.45
6237.72
6243.52
6249.07
6255.35
6261.35
6266.7
6272.07
6277.47
6282.82
6288.2
6293.5
6298.95
6304.77
6310.55
6315.92
6321.57
6327.12
6332.45
6337.4
6343.15
6348.55
6353.7
6358.8
6363.95
6368.95
6375.15
6382.42
6425.5
6432.37
6438.45
6444.35
6449.5
6455.25
6460.95
6466.22
6472.22
6477.92
6483.25
6488.27
6493.52
6499.05
6504.65
6510.32
6515.75
6520.7
6525.92
6532.12
6537.55
6543.3
6548.85
6554.32
6559.92
6565.02
6569.67
6574.87
6581.05
6587.95
6629.47
6637.62
6643.8
6649.07
6655.35
6660.6
6666.25
6671.85
6677.5
6683.1
6688.32
6693.67
6698.8
6704.17
6709.17
6714.05
6719.32
6724.42
6729.45
6734.77
6740.2
6745.3
6750.47
6755.82
6760.82
6766.17
6771.8
6776.92
6782.02
6789.75
6796.2
6840.3
6847.37
6854.37
6860.5
6865.9
6871.77
6877.57
6883.02
6888.5
6893.72
6898.82
6903.85
6909.27
6914.47
6919.65
6925.8
6931.77
6937.32
6942.6
6948.3
6953.57
6958.95
6964.17
6969.15
6974.25
6979.42
6984.37
6989.67
6997.82
7041.27
7048.1
7054.52
7060.05
7065.97
7071.45
7076.32
7081.42
7086.4
7091.42
7096.32
7101.92
7107.07
7112.47
7117.82
7123.55
7129.07
7134.47
7139.9
7145.05
7150.1
7155.17
7160.1
7165
7170.42
7175.8
7180.82
7186.65
7192.97
7201.52
7245.35
7253.1
7261.6
7268
7274.2
7280.05
7285.4
7290.72
7295.75
7301.32
7306.9
7312.45
7318.2
7323.5
7328.47
7333.55
7339.55
7344.7
7350.15
7355.35
7360.7
7365.75
7371.12
7376.25
7381.35
7386.37
7391.27
7396.67
7402.8
7409.77
7453.75
7461
7466.85
7472.95
7478.32
7484.27
7490.27
7495.5
7500.35
7505.4
7510.4
7515.92
7521.25
7526.85
7532.17
7537.47
7542.97
7548.72
7553.97
7559.35
7565.1
7570.6
7575.9
7581.27
7586.5
7591.72
7596.75
7601.75
7607.25
7613.6
7667.47
7674.22
7680.15
7686
7692.17
7697.7
7703.32
7709.05
7714.55
7719.85
7725.17
7730.42
7735.92
7741.5
7746.75
7751.35
7756.25
7761.85
7767.12
7772.35
7777.37
7782.4
7787.42
7792.62
7797.42
7802.52
7807.75
7812.82
7819.5
7826.47
7867.65
7874.82
7881
7886.5
7892.17
7897.55
7902.57
7908.15
7914.42
7920.1
7925.07
7930.42
7935.6
7941.4
7946.82
7952.12
7957.37
7962.52
7967.57
7973.02
7978.67
7983.92
7989.35
7995.32
8000.27
8005.32
8010.4
8015.7
8021.67
8028.9
8074.95
8082.32
8089.22
8095.65
8101.47
8107.25
8113.15
8118.8
8124.3
8129.42
8135
8140.35
8146.22
8151.6
8156.9
8162.5
8167.9
8173.1
8178.2
8183.3
8188.42
8193.77
8199.15
8204.95
8210.4
8215.82
8220.87
8228.82
8235.75
8273.67
8281.15
8287.87
8294.2
8300.25
8306
8311.6
8317.12
8322.87
8328.47
8333.37
8339.05
8344.52
8350.02
8355.57
8360.85
8366.72
8371.85
8377.52
8383.55
8389.15
8394.5
8399.67
8405.05
8410.15
8415.5
8421.1
8426.47
8433.35
8439.75
8482.62
8490.2
8496.37
8502.12
8507.52
8512.87
8518.37
8524.02
8529.32
8534.82
8540.17
8545.92
8551.4
8556.82
8562.45
8567.7
8573.2
8578.5
8583.77
8589.15
8594.65
8599.52
8605.25
8610.45
8615.67
8621.02
8626.32
8631.7
8638.37
8645.35
8691.97
8698.35
8704.67
8710.6
8716.42
8721.72
8727.25
8732.47
8737.42
8742.72
8748.12
8753.6
8759.42
8764.62
8770.12
8774.92
8780.02
8785.12
8790.42
8795.85
8801.52
8807.05
8812.4
8817.87
8823.07
8828.15
8834.05
8839.75
8846.02
8852.62
8895.75
8902.85
8909.27
8915.02
8920.62
8926.37
8931.92
8937.72
8944
8949.45
8954.75
8960.17
8965.82
8970.95
8975.7
8981.7
8986.82
8992.52
8997.8
9003.12
9008.17
9013.02
9018.02
9022.92
9027.82
9033.42
9038.97
9044.37
9049.5
9056.6
9103.1
9111.67
9117.62
9123.42
9129.9
9135.37
9140.95
9146.7
9152.05
9157.62
9162.82
9167.92
9173.4
9178.85
9184.17
9189.37
9194.32
9199.37
9205.02
9210.5
9216.37
9221.75
9227.45
9232.95
9238.67
9243.67
9248.6
9253.9
9260.62
9267.12
9312.5
9319.67
9325.95
9331.8
9337.77
9343.85
9348.85
9354.07
9359.8
9365
9370.45
9375.62
9381.55
9387.05
9392.62
9397.8
9402.6
9407.55
9412.77
9418.37
9423.85
9428.87
9434.35
9440.02
9445
9450.27
9455.77
9461.52
9469.7
9513.45
9521.02
9527.1
9532.95
9537.92
9544.15
9550
9555.55
9561.12
9566.22
9571.4
9576.3
9582.07
9587.42
9592.82
9598.15
9603.42
9608.92
9614.62
9619.6
9625.05
9630.75
9636.9
9642.55
9647.83
9653.55
9659.23
9664.93
9674.6
9720.63
9728.23
9734.08
9739.48
9744.98
9750.65
9756.95
9762.25
9767.95
9773.75
9779.48
9785.3
9790.93
9796.53
9801.83
9807.43
9812.43
9817.95
9823.03
9828.83
9834.15
9839.95
9845.68
9850.78
9855.58
9860.78
9865.48
9871.7
9880.25
9926.75
9933.5
9940.2
9945.88
9951.65
9957.55
9963.25
9969.45
9974.98
9980.33
9986.13
9991.63
9996.88

