46.7
53.825
60.35
65.95
71.7
76.975
82.05
87.05
92.075
97.35
103.15
108.65
114.475
120.175
125.325
130.525
136.15
141.475
146.95
152.35
158.175
163.825
169.15
174.6
179.85
184.7
189.925
195.275
200.45
206.1
253.775
261.375
267.125
273.1
278.35
283.55
289.4
295.075
300.675
306.05
311.4
316.6
321.975
327.65
333.375
338.7
344.125
349.225
354.2
359.25
364.2
369.35
374.55
379.7
384.475
389.825
395.225
400.95
406.175
411.475
458.9
465.375
471.075
477.325
482.85
488.7
494.525
500.4
506.175
511.5
516.6
522.125
527.175
532.7
538.475
544.1
550.025
555.475
560.525
566.15
571.45
576.775
582.225
588.05
593.95
599.25
605.325
611.5
617.8
660.35
666.45
672.725
678.55
684.675
690.375
695.85
701.625
706.95
712.8
718.25
723.725
728.75
734.35
740.275
745.7
751.025
756.475
761.875
767.1
772.15
777.725
782.725
787.6
793.25
798.55
804.075
809.475
814.825
820.575
867.025
873.35
879.95
885.275
890.3
895.5
900.525
905.875
911.125
916.6
921.75
927.175
932.475
937.425
943.425
948.825
954.625
959.925
965.325
970.95
976.45
981.9
987.275
992.35
997.45
1002.95
1007.88
1013.45
1018.7
1023.95
1029.8
1071.7
1078.5
1084.6
1090.48
1096.15
1101.98
1107.58
1113.13
1118.48
1124.25
1130.03
1135.45
1140.18
1145.18
1150.73
1156.03
1161.13
1166.28
1172.1
1177.15
1182.4
1187.55
1193.48
1198.63
1204
1209.2
1214.33
1219.58
1224.93
1229.95
1276.85
1283.85
1290.68
1296.83
1302.15
1307.3
1312.83
1317.83
1322.83
1328.03
1333.25
1338.05
1343.58
1349.03
1354.35
1359.45
1364.58
1369.8
1374.5
1379.35
1384.78
1390.23
1395.68
1401.5
1406.88
1411.78
1417.3
1422.48
1427.33
1432.68
1437.8
1481.13
1488.03
1494.6
1501.18
1507.03
1512.7
1518.3
1523.85
1529.45
1534.58
1539.6
1544.68
1550.45
1556.2
1561.6
1566.9
1572.45
1577.8
1583.05
1588.45
1593.65
1599.2
1604.43
1609.78
1615.48
1620.48
1625.55
1630.8
1636.3
1641.58
1684.9
1691.88
1698.35
1703.88
1710.08
1716.08
1722.1
1727.35
1732.8
1738.15
1743.4
1749.25
1754.7
1759.9
1765.38
1770.45
1776
1781.48
1786.78
1791.98
1797.25
1803.1
1808.5
1813.3
1818.4
1823.38
1828.75
1834.58
1839.93
1845.6
1891.75
1898.8
1904.95
1911.23
1916.85
1922.3
1927.65
1933.35
1939.08
1943.7
1948.85
1954.2
1959.55
1965
1970.13
1975.68
1981.23
1986.4
1991.58
1996.73
2001.8
2007.08
2012.65
2017.9
2022.85
2028.13
2034
2039.7
2045.15
2050.38
2056.6
2096.8
2103.23
2109.28
2115
2120.53
2126.53
2131.98
2137.45
2143.25
2149.13
2154.15
2159.4
2164.65
2169.88
2175.18
2180.28
2185.7
2190.83
2196.23
2201.9
2207.55
2213.23
2218.9
2224.53
2229.65
2235.28
2240.43
2245.75
2250.83
2256.2
2261.78
2306.78
2314.1
2320.35
2326.73
2332.83
2339.58
2345.1
2350.98
2356.53
2361.98
2367.63
2373.33
2378.33
2383.8
2389.13
2394.55
2399.8
2405
2410.43
2415.65
2420.52
2425.72
2431.27
2437.17
2442.97
2448.2
2453.1
2458.15
2463.85
2469.85
2517.35
2524.7
2530.52
2536.07
2541.95
2547.57
2553.1
2558.1
2563.12
2568.45
2573.65
2579.27
2585.32
2591.15
2596.65
2602
2607.35
2612.72
2617.85
2623.85
2629.42
2634.47
2639.62
2644.95
2650.05
2655.07
2660.65
2666.35
2671.52
2677.65
2721.12
2727.15
2733.35
2739.1
2745.5
2751.2
2756.37
2762.15
2767.47
2773.07
2778.12
2783.05
2788.95
2794.87
2800.32
2805.5
2810.55
2816.2
2822.2
2827.85
2833.15
2838.7
2843.82
2849.17
2854.6
2859.85
2864.9
2870.5
2876.35
2881.75
2923.4
2930.47
2936.52
2942.02
2947.85
2953.6
2959.32
2964.85
2970.67
2976.07
2981.62
2987
2992.55
2998.2
3004.2
3009.92
3015.65
3021.67
3027.7
3032.85
3037.97
3043.65
3048.85
3054.52
3060.05
3065.57
3070.7
3075.95
3081.2
3086.52
3133.77
3140.52
3146.47
3151.87
3157.62
3162.95
3168.92
3174.1
3179.57
3184.9
3189.95
3195.47
3201.1
3206.52
3212
3217.47
3222.95
3228.4
3233.77
3239.32
3244.3
3249.5
3255.2
3260.62
3266.32
3272.37
3277.82
3283.27
3289.37
3341.35
3347.57
3353.45
3359.57
3365.5
3371.12
3377.1
3382.47
3388.3
3393.87
3399.32
3404.57
3409.85
3415
3420.15
3426.07
3431.6
3437.15
3442.95
3448.72
3454.15
3459.45
3465.07
3470.35
3476.02
3481.07
3486.35
3491.6
3496.8
3541.15
3547.8
3554
3560.32
3566.2
3571.4
3576.47
3581.92
3587.3
3592.85
3598.4
3603.52
3608.95
3614.92
3620.42
3625.57
3630.5
3635.72
3641.02
3646.45
3651.6
3656.7
3662.07
3667.47
3672.35
3678.17
3683.6
3688.67
3693.45
3698.9
3753.27
3759.95
3765.6
3771.05
3776.67
3782.25
3787.67
3793.5
3799.1
3804.37
3809.85
3815.32
3820.22
3825.87
3831.22
3836.67
3842
3847.47
3852.87
3858.12
3863.47
3869.72
3875.22
3881.05
3886.4
3891.52
3896.85
3901.9
3907.07
3954.47
3961.1
3967.77
3974.22
3979.97
3985.57
3991.45
3996.97
4002.35
4007.72
4013.17
4018.67
4023.75
4028.9
4034.5
4039.82
4045.37
4050.82
4056.62
4061.87
4067.72
4073.2
4078.65
4084.32
4090.45
4095.65
4100.75
4105.67
4110.8
4158.72
4166
4173.15
4179.52
4185.15
4190.65
4196.27
4202.27
4207.87
4213.72
4219.55
4224.72
4230.35
4235.55
4241.3
4247.25
4252.65
4258.17
4263.82
4269.15
4274.35
4279.5
4284.52
4289.45
4294.55
4300.25
4305.32
4310.37
4315.45
4366.2
4372.27
4378.55
4385.05
4390.65
4396.22
4401.77
4407.55
4412.8
4417.97
4423.32
4428.55
4433.7
4438.82
4444.05
4449.47
4455.07
4460.22
4465.72
4470.82
4476.42
4482.05
4487.3
4492.27
4497.17
4502.3
4508.4
4513.55
4519.47
4527.52
4573.32
4579.77
4586
4592.7
4598.75
4603.82
4609.3
4614.62
4619.77
4625.05
4630.75
4636.5
4642.55
4647.65
4653.02
4659.07
4664.92
4670.5
4675.77
4680.85
4686.07
4691.5
4696.47
4701.32
4706.42
4711.27
4716.67
4721.92
4727.55
4780.32
4787.1
4793.37
4799.52
4804.82
4810.42
4816.05
4821.37
4826.85
4832.37
4837.85
4843.15
4848.72
4854
4859
4864.25
4869.5
4874.9
4880.27
4886.15
4891.62
4896.95
4901.97
4907.3
4912.77
4918.37
4923.6
4929.07
4934.4
4943.9
4987.05
4993.55
4999.25
5005.05
5010.9
5016.5
5022.57
5028.05
5033.35
5038.5
5043.57
5048.75
5054.52
5059.37
5064.67
5069.9
5075.22
5081.02
5086.32
5091.67
5097.27
5102.85
5108.45
5113.75
5119.37
5124.57
5130.15
5135.45
5140.85
5147.5
5194.15
5201.17
5207.9
5214.25
5220.15
5225.9
5231.42
5237.72
5243.22
5248.55
5253.77
5259.35
5264.82
5270.15
5275.82
5281.22
5286.42
5291.97
5297.5
5302.8
5308.02
5313.52
5319.02
5324.47
5329.82
5335.12
5340.82
5346.55
5353.62
5396.85
5403.57
5410.35
5416.57
5422.4
5427.6
5433.17
5438.65
5444.5
5449.9
5455.5
5461.12
5466.25
5471.7
5477
5482.35
5487.97
5493.42
5498.52
5503.9
5509.6
5514.92
5520.12
5525.42
5530.45
5535.85
5541.22
5546.57
5554.22
5561.7
5604.32
5611.27
5618
5624.27
5629.75
5635.9
5641.42
5647
5653.05
5658.75
5664.2
5669.65
5675.05
5680.37
5686.57
5691.8
5697.5
5703.1
5708.52
5714.35
5719.45
5724.4
5729.32
5734.35
5739.8
5745.5
5750.8
5756.95
5764.6
5810.35
5816.72
5822.72
5828.85
5834.4
5840.12
5845.42
5850.85
5856.37
5861.77
5867.07
5872.1
5877.85
5883.07
5888.27
5894.2
5899.55
5905.12
5910.75
5916.55
5922.07
5927.4
5932.55
5938.22
5943.55
5948.92
5954.25
5960.42
5967.5
6012.22
6018.52
6024.57
6030.85
6036.1
6041.5
6047.25
6052.82
6058.55
6063.77
6070.05
6075.72
6081.45
6087.1
6092.52
6097.82
6103.1
6108.45
6113.92
6119.4
6125.42
6130.75
6136.52
6141.82
6147.02
6152.5
6157.85
6163.02
6170.45
6177.17
6219.75
6226.82
6232.6
6237.97
6243.82
6249.45
6254.67
6260.42
6265.57
6270.9
6276.32
6281.95
6287.85
6293.92
6299.47
6304.92
6310.47
6315.37
6321.12
6326.62
6331.77
6336.82
6342.25
6347.7
6353.45
6358.9
6363.95
6369.3
6375.97
6382.97
6425.75
6432.7
6438.35
6444.7
6450.67
6456.02
6461.97
6467.77
6473.65
6479.6
6484.95
6490.55
6496.35
6502.17
6507.52
6512.82
6518.42
6523.97
6529.62
6535.27
6540.35
6545.9
6551.1
6556.07
6561.17
6566.4
6571.37
6576.35
6583.42
6590.15
6637.02
6643.17
6648.97
6654.57
6660.72
6666.77
6672.62
6678.57
6683.92
6689.22
6694.27
6699.6
6704.55
6709.67
6715.27
6720.8
6726.8
6732.17
6738.35
6744.05
6749.5
6754.9
6760.52
6765.45
6770.32
6775.27
6780.72
6787.72
6794.32
6837.87
6845
6851.8
6857.92
6864.1
6869.6
6875.25
6881.2
6886.67
6892.12
6897.32
6902.65
6908.12
6913.32
6918.6
6924.22
6929.47
6934.95
6940.6
6946.12
6951.42
6956.95
6962.07
6967.7
6973.6
6979.3
6984.25
6990.07
6997.45
7040.67
7047.57
7053.4
7059.52
7065.8
7071.72
7077.45
7082.87
7089
7094.5
7099.47
7105.05
7110.2
7115.62
7120.7
7126.17
7131.6
7137.1
7142.57
7148
7153.15
7158.15
7163.55
7168.47
7173.47
7178.97
7184.17
7190.17
7196.57
7203.77
7248
7255.37
7261.12
7266.97
7272.42
7278.3
7284.47
7290.5
7295.57
7301
7306.15
7311.8
7316.97
7322.05
7327.4
7333.3
7338.65
7343.55
7348.85
7354.02
7359.47
7364.95
7370.47
7376.2
7381.7
7387.42
7392.92
7398.07
7406.32
7453.75
7460.32
7466.45
7472.65
7478.37
7483.87
7489.65
7495.05
7500.67
7505.65
7510.9
7515.82
7521
7526.27
7531.82
7537.25
7542.75
7548.17
7553.57
7559
7564.57
7570.27
7575.95
7581.02
7586.05
7591.6
7596.7
7601.8
7607.62
7615.5
7662.1
7668.27
7674.3
7679.85
7685.25
7690.47
7695.7
7701
7706.47
7711.82
7717.25
7722.95
7728.4
7733.87
7739.37
7745.25
7750.35
7755.65
7760.85
7765.9
7771.12
7776.75
7782.55
7787.62
7792.62
7797.45
7802.82
7807.82
7813.02
7820.45
7867.22
7873.77
7880.15
7886.67
7892
7897.35
7902.45
7907.75
7912.97
7918.22
7923.42
7928.57
7933.72
7938.75
7944.45
7950.05
7954.95
7960.3
7965.57
7971.12
7976.65
7981.95
7987.25
7992.47
7997.8
8002.77
8008.42
8013.67
8019.82
8028.15
8073.27
8080.07
8085.8
8091.35
8097.57
8103.37
8108.7
8114.22
8119.17
8124.35
8129.62
8135.25
8140.7
8146.47
8152.5
8158.15
8163.72
8169.27
8174.15
8179.3
8184.72
8190.25
8195.57
8201.12
8206.7
8212.42
8217.8
8222.57
8230
8277.32
8284.67
8291.15
8297.42
8302.8
8308.47
8313.9
8319.9
8325.47
8330.9
8336.3
8341.67
8347.25
8352.37
8358.12
8363.95
8369.8
8374.85
8380.47
8386.37
8392.45
8398.32
8403.67
8409.4
8414.67
8419.77
8425.65
8431.17
8437.82
8483.05
8490.65
8496.6
8502.17
8508.2
8514
8519.17
8524.75
8530.27
8535.47
8540.85
8546.55
8552.07
8557.37
8562.45
8568.3
8573.85
8579.2
8584.45
8589.97
8595.27
8600.57
8605.72
8611.07
8616.57
8622.15
8627.57
8633.22
8641.62
8690.22
8697.32
8703.87
8710.65
8716.27
8722.42
8727.92
8733.27
8738.87
8744.1
8749.97
8755.57
8760.75
8765.85
8771.65
8776.9
8782.1
8787.37
8793.17
8798.72
8803.85
8809.62
8815.12
8820.4
8825.72
8830.82
8836.1
8841.6
8849.27
8896.97
8904.22
8910.35
8916.1
8921.6
8927.42
8932.65
8937.9
8942.87
8948.4
8954.2
8959.27
8964.47
8970.07
8975.82
8981.15
8986.2
8991.22
8997
9002.67
9007.82
9013.1
9018.15
9023.42
9028.75
9034
9039.05
9044.27
9051.32
9057.55
9101.6
9108.35
9115
9120.92
9126.77
9132
9137.45
9143.35
9148.62
9154.07
9159.67
9165.37
9170.92
9176.07
9181.32
9187.47
9192.57
9198.02
9203.17
9207.95
9213.52
9218.9
9224.32
9229.5
9234.22
9239.47
9244.7
9250.07
9255.3
9263.47
9308.82
9315.25
9321.45
9327.65
9333.4
9339.3
9344.35
9349.75
9355.1
9360.4
9365.52
9370.67
9375.9
9381.67
9387.4
9392.52
9397.87
9403.35
9408.55
9414.15
9419.32
9424.15
9429.22
9434.27
9439.77
9445.55
9450.67
9455.92
9461.27
9469.35
9521.55
9528.85
9534.15
9540.37
9546.3
9551.47
9557.02
9562.37
9567.6
9572.62
9577.75
9582.87
9588.22
9593.62
9599.4
9604.65
9610
9615.27
9620.77
9625.92
9631.42
9637.25
9643.03
9648.7
9654
9658.93
9664.23
9672.73
9717.78
9724.98
9731.43
9737.63
9743.65
9748.9
9754.13
9759.58
9764.9
9770.13
9775.85
9781.2
9786.13
9791.28
9796.53
9801.73
9806.98
9811.83
9816.88
9822.2
9827.4
9832.93
9838
9843.43
9848.18
9852.8
9858
9863
9868.43
9875.15
9881.5
9925.25
9931.6
9937.7
9943.2
9949.43
9955.05
9960.6
9966.13
9972.5
9977.93
9983.2
9989.03
9994.13
9999.5

