45.875
52.475
58.175
64.775
70.725
76.35
82.075
87.4
92.725
98.425
104.3
110.675
116.525
121.825
127.025
132.225
137.625
142.8
148.05
153.2
158.475
164.025
169.175
175.05
180.375
185.775
191.175
196.5
202.1
208.175
253.35
260.8
267.35
273.05
278.575
284.675
290.175
295.475
301.375
306.9
312.725
317.9
323.45
328.775
334.475
339.425
345.225
350.475
355.65
361.025
366.1
371.575
376.45
381.8
387.325
392.575
397.6
402.975
408.225
414.475
460.2
467.925
474.1
479.625
485.1
490.825
496.5
502.6
508.525
513.975
519.175
524.95
530.65
536.025
541.1
545.875
551.225
556.475
561.925
567.15
572.375
577.55
583.05
588.4
593.55
599.225
604.725
610.3
615.65
662.55
669.4
675.5
682.025
687.525
692.825
698.45
704.25
709.7
715.1
720.575
726.15
731.25
736.925
742.6
748.05
753.25
758.725
764.225
769.525
775.175
780.775
786.225
791.225
796.35
801.75
807.125
812.15
817.7
823.25
868.125
875.025
880.8
886.5
892.05
897.85
903.55
909.275
915.05
920.45
925.925
931.2
936.4
941.875
947.7
952.7
957.775
962.975
968.45
973.9
979.125
984.45
990.075
995.625
1001.25
1006.45
1012.13
1017.15
1022.6
1027.65
1072.68
1079.33
1085.53
1091.45
1097.33
1103.13
1108.73
1114.3
1119.15
1124.33
1129.45
1134.9
1140.95
1146.25
1151.6
1156.68
1161.63
1166.98
1172.2
1177.35
1182.4
1187.53
1192.75
1198.23
1203.4
1209.08
1214.43
1220.1
1225.4
1230.38
1277.38
1284.1
1290.58
1296.38
1302.18
1307.9
1313.6
1318.83
1323.98
1329.08
1334.6
1340.1
1345.48
1351.03
1356.23
1361.85
1368.05
1373.78
1379.1
1384.5
1390.15
1395.13
1400.03
1405.03
1410.48
1415.65
1421.33
1426.93
1432.38
1437.78
1482.33
1489.25
1495.78
1501.63
1507.6
1512.93
1518.8
1524.3
1529.88
1535.95
1541.48
1546.58
1551.7
1556.8
1561.98
1567.45
1572.2
1577.8
1583.5
1590.13
1595.28
1600.53
1606.23
1612.33
1617.78
1623.3
1628.68
1634.05
1639.15
1645.43
1684.43
1691.88
1698.23
1704
1709.68
1714.83
1720.68
1726.48
1731.98
1737.78
1743.3
1749.2
1754.73
1759.93
1765.75
1771.18
1776.48
1781.53
1787.15
1791.9
1797.03
1802.73
1808.43
1813.53
1818.58
1823.88
1829.2
1834.58
1839.83
1844.58
1853.25
1890.93
1898.9
1905.75
1911.18
1917.3
1923.38
1928.9
1934.45
1939.9
1945.15
1950.68
1956.33
1962
1967.43
1972.7
1978
1982.7
1988.65
1994.53
1999.7
2005.53
2010.53
2015.33
2020.4
2025.75
2030.68
2035.93
2041.48
2046.68
2051.63
2099.4
2107.15
2113.9
2120.08
2126.58
2132.08
2137.78
2143.5
2148.33
2153.33
2158.55
2164.13
2169.43
2174.93
2180.25
2185.73
2191.2
2196.4
2201.65
2207.2
2213.03
2218.95
2224.28
2228.95
2234.3
2239.43
2245.13
2250.68
2256.15
2261.05
2307.33
2314.63
2321.45
2327.38
2333
2338.45
2343.73
2348.88
2354.3
2360.2
2365.95
2371.48
2377.38
2382.68
2387.8
2393.25
2398.55
2403.93
2409.15
2414.28
2419.52
2425.42
2430.72
2436.17
2441.65
2446.77
2452.6
2457.8
2462.7
2467.87
2516.57
2522.77
2528.72
2534.5
2540.4
2545.9
2551.27
2556.85
2561.97
2567.5
2573.07
2578.55
2583.67
2588.97
2594.55
2600.45
2606
2611.72
2617.52
2623.12
2628.42
2633.97
2639.47
2644.95
2649.7
2655.1
2660
2665.25
2670.72
2717.5
2723.95
2730.3
2736.8
2742.32
2748.1
2753.37
2758.85
2764.4
2769.5
2774.6
2779.95
2785.45
2790.97
2796.5
2801.75
2807.2
2812.6
2817.6
2822.92
2828.17
2833.25
2838.55
2843.77
2849
2854.17
2859.52
2865.15
2870.52
2875.97
2881.12
2925.77
2932.52
2939.07
2945.25
2950.95
2957.12
2962.6
2968.05
2973.65
2979
2984.25
2989.15
2994.25
2999.6
3004.92
3010.32
3015.75
3020.52
3026.15
3031.6
3037.05
3042.47
3048.52
3053.47
3058.8
3064.27
3069.5
3074.87
3080
3085.45
3132.1
3139.77
3146.02
3151.95
3157.47
3162.52
3168.15
3173.82
3179.72
3185.55
3190.37
3195.5
3200.52
3206.42
3211.87
3217.4
3223.42
3229.07
3234.6
3239.35
3244.25
3249.22
3254.25
3259.42
3264.52
3269.9
3275.55
3281.25
3287.22
3293.42
3337.7
3344.8
3351.15
3356.85
3362.7
3368.52
3373.75
3378.95
3384
3390.1
3395.77
3401.17
3406.45
3411.67
3416.55
3422.1
3427.7
3433.12
3438.72
3444.55
3450.17
3455.57
3461.05
3466.9
3472.35
3477.6
3483
3488.15
3493.32
3498.8
3542.75
3549.12
3556.12
3561.97
3567.47
3572.45
3578.1
3583.72
3589.02
3594.5
3599.57
3604.77
3609.87
3614.95
3619.9
3624.62
3629.77
3635.12
3640.07
3645.92
3651.4
3656.9
3662.6
3667.92
3673.02
3677.92
3682.97
3688.47
3694.12
3699.47
3750.7
3758.2
3764.5
3770.72
3776.4
3782.5
3788.35
3793.87
3799.47
3804.72
3810.17
3815.7
3820.87
3825.75
3830.72
3835.62
3841.22
3847.47
3852.6
3858
3863.02
3867.9
3872.67
3877.37
3882.6
3887.97
3893.02
3898.3
3903.52
3952.12
3959.37
3965.9
3971.77
3977.57
3983.45
3988.75
3993.95
3999.37
4004.62
4009.72
4015.95
4020.95
4026.22
4031.57
4036.7
4041.7
4047.15
4052.35
4057.27
4061.97
4066.8
4071.57
4076.9
4082.35
4087.45
4093.12
4099.1
4104.95
4110.2
4160.12
4167.2
4174
4180.37
4186.12
4192.25
4197.47
4203.42
4209.17
4214.52
4219.6
4224.45
4229.52
4234.9
4240.55
4245.95
4251.77
4257.52
4262.57
4267.75
4272.9
4278.25
4283.4
4288.4
4293.42
4298.57
4303.75
4308.87
4314.37
4321.4
4365.92
4372.72
4379.3
4385
4390.95
4396.72
4403.05
4408.85
4414.15
4419.82
4425.25
4430.72
4436.4
4442.3
4447.7
4453.55
4458.92
4463.77
4469.07
4474.65
4480.57
4485.72
4491.1
4496.32
4501.65
4506.87
4511.75
4517.07
4522.05
4570.85
4578.2
4584.42
4590.77
4596.32
4602.02
4607.7
4613.17
4618.47
4623.6
4628.7
4635
4640.7
4646.87
4652.55
4657.75
4663.17
4668.5
4673.35
4678.92
4684.02
4689
4694.32
4699.72
4705.35
4711.25
4716.82
4722.25
4727.55
4737.55
4780.12
4787.2
4793.7
4799.95
4805.35
4810.7
4816.02
4821.85
4826.82
4832.05
4837.67
4843.22
4848.22
4853.57
4858.87
4863.85
4869.05
4875
4880.65
4886.1
4891.55
4897
4902
4907.45
4913
4918.67
4924
4929.12
4934.85
4945.75
4992.7
5000.2
5006.77
5012.22
5017.72
5023.42
5028.92
5034.47
5039.47
5044.92
5049.87
5054.7
5060.37
5065.77
5071.3
5076.5
5081.7
5087.3
5092.75
5097.95
5104
5109.07
5114.9
5120.12
5125.77
5131
5136.52
5142.95
5150.07
5194.7
5200.92
5207.5
5213.82
5220.2
5225.4
5230.92
5236.57
5241.97
5247.57
5252.95
5257.77
5262.75
5268.27
5273.75
5279.25
5284.75
5290.1
5295.65
5300.67
5305.57
5310.72
5316.8
5322.17
5327.3
5332.42
5337.22
5342.65
5348.65
5355.55
5403.3
5409.8
5416.05
5422.42
5428.22
5434.45
5440.07
5445.75
5451.67
5456.75
5462.1
5467.27
5472.27
5477.52
5482.9
5488.1
5493.45
5499.05
5505.17
5510.82
5516.25
5521.1
5526.02
5531.17
5536.32
5541.72
5546.6
5555.12
5562.22
5605.55
5612.55
5618.87
5624.9
5630.67
5636.27
5642.02
5646.9
5651.7
5656.67
5662.2
5667.3
5672.6
5677.95
5684.27
5689.92
5695.35
5701.12
5707.25
5712.47
5717.75
5723.4
5728.9
5734.55
5740.1
5745.45
5750.6
5758.1
5765
5810.1
5817.12
5823.35
5830.1
5836.22
5841.5
5847.25
5852.72
5857.67
5862.92
5868.22
5873.47
5878.9
5884.5
5890.52
5895.82
5901.15
5906.67
5912.17
5917.22
5922.42
5927.92
5933.1
5938.57
5943.95
5949.37
5954.57
5960.42
5967.25
6016.22
6023
6028.9
6034.45
6040.32
6046.17
6051.55
6057.5
6063.12
6068.05
6073.5
6079.15
6084.6
6089.62
6095.17
6100.52
6105.9
6111.82
6117.27
6122.5
6127.42
6133.17
6138.57
6144.25
6149.65
6155.15
6160.7
6167.02
6174.6
6214.52
6222.12
6228.57
6234.32
6240.12
6245.9
6251.62
6257.12
6262.92
6268.42
6273.95
6278.92
6283.95
6289.12
6294.62
6299.67
6305.02
6310.35
6315.57
6320.57
6325.62
6330.5
6335.45
6340.35
6345.37
6351.12
6356.35
6361.7
6366.72
6372.05
6379.27
6425.85
6432.57
6438.67
6444.1
6449.7
6455.42
6461.22
6466.55
6472.12
6477.8
6483.27
6488.77
6494.2
6499.42
6505.12
6510.52
6515.77
6521.2
6526.52
6531.9
6537.5
6543.3
6548.65
6553.87
6558.8
6564
6569.3
6574.42
6580.9
6588.95
6636.42
6643.82
6649.85
6655.97
6662.67
6667.92
6673.1
6678.4
6683.87
6689.65
6694.77
6700.5
6706.02
6711.47
6716.72
6721.95
6727.12
6732.52
6737.6
6743.05
6748.45
6754.22
6759.15
6764.27
6769.42
6774.62
6779.97
6786
6793
6839.05
6846.15
6852.75
6858.32
6863.92
6869.32
6874.85
6880.25
6885.62
6890.5
6895.52
6901.32
6907.32
6913.12
6918.72
6924.15
6929.32
6934.4
6939.72
6945.2
6950.97
6955.97
6961.65
6967.07
6972.35
6977.4
6982.4
6988.2
6996.42
7042.35
7049.3
7056.32
7062.05
7067.92
7073.87
7079.9
7085.5
7091.2
7097.05
7102.12
7107.35
7113.02
7118.77
7123.9
7129.32
7134.27
7139.72
7144.85
7149.97
7155.62
7160.97
7166.5
7171.95
7177.55
7182.9
7188.4
7193.37
7200.6
7207.02
7249.37
7256.47
7262.15
7268.45
7273.9
7279.3
7285
7290.22
7295.55
7300.9
7306.47
7311.55
7316.87
7322
7327
7332.27
7337.67
7343.45
7348.47
7353.37
7358.15
7364.05
7369.42
7375.07
7380.92
7385.67
7391.37
7397.12
7405
7411.65
7453.37
7460.75
7466.65
7473.32
7479.15
7485
7490.62
7496.17
7501.55
7506.95
7512.12
7517.3
7522.65
7527.57
7532.3
7537.42
7542.42
7548.07
7553.92
7559.5
7564.82
7569.85
7575.05
7580.05
7585.35
7590.35
7595.47
7600.72
7605.87
7613.05
7619.57
7660.6
7666.32
7672.25
7677.72
7683.42
7688.95
7695
7700.52
7705.92
7711.15
7716.72
7722.5
7727.55
7732.85
7737.92
7743.4
7748.85
7753.92
7758.92
7763.62
7769.12
7774.77
7780.02
7785.12
7790.22
7795.87
7801.45
7806.85
7812.52
7819.87
7827.27
7865.8
7872.95
7879.3
7885.22
7890.75
7896.8
7902.37
7908
7913.32
7918.85
7923.9
7929.45
7934.57
7939.57
7944.6
7949.8
7954.87
7960.05
7965.07
7970.4
7975.9
7981.17
7987.02
7992.47
7997.82
8003.12
8008.37
8014
8019.7
8027.07
8073.42
8081.1
8086.97
8093.1
8099.55
8106
8111.82
8117.42
8122.77
8128.37
8133.8
8139.05
8144.47
8150.1
8155.57
8160.82
8166.05
8171.35
8176.95
8181.85
8187.15
8192.32
8197.47
8203.05
8208.57
8213.52
8218.07
8222.9
8230.45
8275.45
8281.92
8288.2
8293.87
8299.77
8305.45
8310.95
8316.72
8322.07
8327.4
8332.82
8338.17
8343.75
8349.1
8354.2
8359.57
8364.97
8370.52
8376.37
8382.15
8387.17
8392.75
8398.07
8403.62
8408.75
8414.07
8419.35
8424.4
8429.47
8437.65
8486.42
8492.72
8499.37
8505.62
8511.67
8517.57
8523.12
8528.57
8534.1
8540.07
8545.57
8551.22
8556.95
8562.77
8568.27
8573.95
8579.07
8584.75
8589.7
8594.85
8600.65
8606.05
8611.47
8616.85
8621.85
8627.3
8633.42
8641.65
8692.17
8699.22
8705.97
8712.6
8718.07
8723.95
8729.22
8734.72
8739.85
8745.2
8750.8
8756.17
8761.5
8767.37
8772.42
8777.97
8783.42
8789
8794.4
8799.7
8804.9
8810.02
8815.9
8821.95
8827.35
8832.32
8837.5
8843.12
8849.87
8897.35
8904.5
8910.42
8916.3
8921.5
8926.85
8932.5
8937.42
8942.92
8948.32
8953.82
8959.27
8964.82
8970.52
8976.17
8981.92
8986.82
8991.9
8997.22
9002.87
9007.77
9013.02
9018.12
9023.15
9029.02
9035.1
9040.4
9046.4
9054.8
9101.77
9108.82
9115.32
9122.3
9128.37
9134.27
9139.9
9145.5
9150.8
9156.52
9161.87
9167.35
9172.52
9177.62
9183.07
9188.5
9193.55
9198.52
9203.62
9208.92
9214.3
9220.12
9225.47
9231.07
9237.02
9242.15
9247.37
9252.42
9258.5
9265.12
9309.9
9316.32
9323.02
9329.27
9335.47
9341.25
9347.02
9352.9
9358.9
9364.35
9370.15
9375.52
9381.1
9386.77
9391.87
9397.3
9402.45
9407.85
9413.65
9419.02
9424.52
9429.55
9435.27
9440.75
9445.87
9450.85
9456.52
9461.82
9469.77
9515.95
9523.22
9529.42
9535.5
9540.85
9546.9
9552.55
9557.8
9562.92
9568.5
9574
9580.15
9586.32
9591.72
9597.4
9602.85
9608.7
9614.05
9619.02
9624.67
9630.22
9635.3
9640.3
9645.53
9650.83
9655.83
9661.25
9666.58
9673.9
9720.53
9727.13
9733.15
9739.28
9745
9750.65
9756.63
9762.13
9767.53
9772.8
9777.93
9783.08
9788.75
9794.68
9799.9
9804.93
9809.63
9814.78
9820.23
9825.98
9831.23
9836.18
9841.55
9847.2
9852.8
9858.2
9863.8
9869.13
9875.98
9883.23
9926.13
9932.2
9939.03
9944.9
9950.45
9956.05
9962.05
9967.9
9973.2
9978.23
9983.03
9988.1
9993.58
9998.68

