42.4
50.075
56.7
63.25
69.875
75.55
81.35
86.55
91.775
97.325
102.65
108.375
113.6
118.725
124.175
129.4
134.95
140.675
146.125
152.425
158.025
163.575
169.375
174.875
179.825
185.275
190.825
196.55
201.775
207.075
255.975
263.1
269.775
276
282.175
288.05
293.625
299.4
305.125
310.575
316.475
322.325
327.525
332.525
337.8
343.175
348.575
354.4
360.125
365.65
370.875
376.05
381.15
386.8
391.925
397.65
402.675
408.05
413.775
459.65
466.25
472.45
478.2
483.825
489.4
495.2
500.05
505.5
511.05
516.325
522.075
527
532.05
537.725
542.85
548.375
553.575
558.925
564.375
569.85
575.4
580.575
585.625
590.875
596.9
602.5
607.675
612.8
663.625
670.1
676.2
682.175
687.6
692.85
698.2
703.775
709.1
714.375
719.65
725.075
730.25
735.475
741.025
746.35
751.95
757.325
762.65
767.9
773.275
778.325
783.475
788.85
794.425
800.125
805.525
811.175
816.45
822.4
873.35
879.8
886.275
892.1
898.3
904.2
909.85
915.05
921.125
926.475
932.05
937.625
943
948.85
954
959.4
965.4
971.525
977.075
982.525
987.8
992.85
998.15
1003.43
1009.08
1014.7
1020.33
1025.78
1071.35
1078.03
1084.2
1090.38
1096.08
1101.85
1107.48
1113.5
1119.08
1124.45
1130.15
1135.73
1141.55
1147.15
1152.9
1157.98
1163.88
1169.45
1174.93
1180.03
1184.85
1189.58
1194.9
1200.03
1205.53
1210.95
1216.4
1221.63
1226.5
1231.6
1274.68
1281.6
1288.73
1294.9
1300.83
1306.6
1312.3
1318.35
1323.65
1329.38
1334.53
1340.25
1345.78
1351.53
1356.8
1362.08
1367.23
1371.95
1377.38
1383.13
1388.43
1394.25
1399.23
1403.85
1409.23
1414.9
1420.15
1425.28
1430.18
1434.95
1481.53
1488.88
1495.33
1501
1506.6
1512.18
1517.5
1522.43
1527.83
1533.73
1538.73
1543.88
1549.05
1554.3
1559.65
1564.38
1569.33
1573.93
1578.75
1584.2
1589.08
1594.2
1599.58
1605
1610.03
1615.6
1621.18
1626.2
1631.68
1636.78
1642
1689.38
1695.73
1700.7
1706.78
1712.3
1717.63
1723.48
1729.3
1734.48
1740.43
1746
1750.88
1756.38
1762.18
1767.58
1773.48
1778.7
1784.2
1789.93
1795.35
1800.65
1805.88
1811
1816.1
1821.55
1826.95
1832.45
1837.68
1843.35
1849.08
1896.08
1902.75
1908.73
1914
1919.25
1925
1930.25
1936
1941.33
1946.7
1951.83
1957.63
1963
1968.88
1975.35
1980.7
1986.13
1991.4
1996.8
2002.05
2007.33
2012.23
2017.55
2022.68
2027.88
2033.3
2038.75
2044.23
2049.65
2054.75
2097.15
2103.9
2110.13
2116.7
2122.63
2128.5
2134.15
2140.18
2145.83
2151.38
2156.6
2162.03
2167.28
2172.75
2178.55
2184.18
2189.7
2195.18
2200.33
2205.63
2211.05
2216.53
2222
2226.88
2232.03
2237.48
2242.65
2247.93
2253.73
2258.88
2305.98
2312.65
2318.38
2324.58
2330.18
2335.68
2341.2
2346.1
2351.45
2357.13
2362.55
2368.53
2373.78
2378.83
2383.7
2388.63
2393.83
2399.7
2404.9
2410.4
2415.33
2421.02
2426.62
2431.72
2436.97
2442.57
2447.65
2452.75
2458
2463.02
2468.02
2516.25
2523.27
2529.72
2535.6
2541.27
2546.57
2551.85
2557.12
2562.5
2568.47
2574.85
2580.35
2585.67
2591.05
2596.27
2601.65
2606.97
2612.2
2618.67
2624.5
2630
2635.22
2640.4
2645.82
2650.97
2656.52
2661.45
2667.1
2672.27
2719.77
2726.67
2732.7
2738.32
2744.45
2750.25
2755.7
2761.17
2766.55
2772.17
2777.87
2783.45
2788.92
2794.77
2800.2
2805.75
2811.32
2816.82
2822.1
2827.97
2833.17
2838.77
2844.2
2849.92
2855.5
2861
2866.4
2871.45
2876.75
2883.05
2924.82
2931.25
2937.65
2943.82
2949.67
2954.95
2960.5
2965.75
2970.77
2976.1
2981.55
2986.55
2991.82
2996.87
3002.15
3008.12
3013.47
3019.02
3024.9
3030.02
3035.1
3040.27
3045.37
3050.45
3055.57
3060.85
3066.5
3071.45
3076.47
3081.95
3087.72
3133.05
3139.75
3145.97
3151.97
3158.45
3164.32
3169.97
3175.85
3181.65
3186.97
3191.85
3197.6
3202.97
3208.4
3213.82
3219
3224.5
3229.92
3235.02
3240.82
3246.17
3251.67
3257.37
3263.45
3268.72
3274.07
3279.3
3284.7
3290.5
3335.1
3342.2
3348.8
3354.4
3359.57
3364.92
3370.9
3376.22
3381.8
3387.32
3392.57
3398.05
3403.2
3408.57
3413.77
3419.72
3425.2
3430.02
3435
3440.12
3445.67
3450.87
3455.75
3460.87
3466.65
3472.17
3477.37
3482.5
3488.15
3493.65
3547.15
3555.02
3561.17
3566.9
3572.5
3577.8
3583.15
3588.55
3593.5
3598.9
3604.1
3609.37
3614.82
3620.32
3625.32
3630.8
3635.87
3641.4
3646.2
3651.77
3657.8
3663.05
3668.57
3673.82
3679.3
3684.82
3690.45
3695.75
3702.15
3753.35
3759.57
3766.1
3772.47
3778.02
3783.45
3789.07
3794.52
3799.87
3805.22
3810.57
3816.07
3821.95
3827.35
3832.05
3837.37
3842.45
3847.52
3852.67
3857.67
3862.9
3868.27
3873.45
3878.65
3883.65
3888.42
3893.67
3898.77
3903.9
3910.52
3952.57
3959.55
3966.05
3972.05
3978.02
3983.65
3989.82
3995.67
4001.42
4006.77
4012.32
4017.57
4022.65
4027.62
4033.07
4038.15
4043.7
4049.17
4054.32
4059.1
4064.77
4069.92
4074.87
4080.32
4085.57
4090.77
4095.82
4100.67
4105.65
4110.82
4163.17
4170.2
4176.17
4183.2
4189.17
4194.9
4200.82
4206.82
4212.6
4218.32
4223.67
4228.85
4234.32
4239.52
4245.02
4250.27
4255.75
4260.95
4265.87
4270.95
4275.97
4281.15
4286.62
4291.82
4297.3
4302.22
4307.45
4312.67
4317.87
4368.45
4375.02
4380.72
4386.12
4391.47
4396.75
4402.3
4407.57
4412.87
4418.27
4424.12
4429.4
4434.75
4440.02
4445.35
4450.5
4456.07
4461.8
4467.85
4473.65
4479.37
4484.8
4490.12
4495.95
4501.15
4506.4
4511.97
4517.65
4523.4
4569.4
4576.55
4582.6
4588.92
4594.9
4600.95
4606.47
4612.02
4617.45
4622.7
4628.17
4633.72
4639.27
4644.57
4650.12
4655.35
4660.32
4665.55
4671.1
4676.42
4681.9
4687.07
4692.27
4697.42
4702.72
4708.32
4713.65
4718.95
4724.6
4732.1
4780.87
4788.25
4795.15
4801.42
4807.37
4813.3
4819.05
4824.67
4830.25
4835.45
4840.82
4845.9
4851.15
4856.9
4862.3
4867.47
4872.55
4877.5
4882.75
4887.95
4893.05
4898.47
4903.35
4908.45
4913.77
4919.3
4924.85
4929.8
4935.57
4947.42
4988.55
4995.42
5001.97
5008.07
5013.45
5019
5024.75
5029.97
5035.75
5041.5
5047.1
5052.07
5057.5
5063.32
5068.65
5074.2
5079.87
5085.1
5090.72
5096.27
5101.37
5106.8
5112.27
5117.92
5123.3
5128.02
5132.75
5138.32
5145.55
5152.42
5197.47
5203.65
5210.02
5216.15
5222.02
5227.77
5232.8
5238.22
5243.75
5249.77
5255.3
5260.4
5266.12
5271.47
5276.72
5282.2
5287.82
5292.8
5298.02
5303.8
5308.85
5314.27
5319.4
5324.85
5330.25
5335.72
5341.27
5347.35
5356
5398.75
5406
5411.9
5417.62
5423.37
5428.75
5434.42
5440.25
5445.67
5451.12
5456.37
5461.92
5467.6
5473.47
5478.77
5483.95
5489.32
5494.85
5500.22
5505.57
5510.67
5515.95
5521.45
5527
5532.55
5537.5
5542.9
5548
5554.87
5561.92
5605.1
5612.3
5618.57
5624.6
5630.2
5635.65
5641
5646.62
5651.87
5657.05
5662.8
5667.77
5672.77
5677.85
5683.27
5688.5
5694.1
5699.75
5705.17
5711.72
5717.3
5722.47
5727.8
5733.02
5738.42
5744.05
5749.65
5755.85
5763.67
5810.12
5816.12
5822.5
5828.37
5833.82
5839.42
5844.8
5850.4
5856.05
5861.65
5866.9
5872.77
5878.75
5884.25
5889.8
5895.22
5900.6
5906.07
5911.47
5916.62
5921.8
5926.97
5932.35
5937.57
5942.7
5947.72
5953.5
5959.55
5966.82
6015.3
6021.72
6028.35
6034.35
6039.82
6045.05
6050.35
6055.47
6061.55
6066.62
6072.02
6077.15
6082.4
6087.37
6092.5
6097.85
6102.92
6107.92
6113.2
6118.35
6123.22
6128.35
6133.9
6139.17
6144.7
6150.1
6155.45
6160.9
6167.4
6173.97
6220.17
6226.62
6233.35
6239.32
6245.22
6250.55
6255.95
6261.27
6266.82
6272.5
6278.3
6283.62
6289.2
6294.65
6299.92
6304.82
6310.22
6315.37
6320.37
6325.62
6331.2
6336.42
6342.1
6347.5
6352.72
6358.02
6363.92
6369.37
6376.67
6384.2
6425.6
6432.85
6439.22
6445.22
6450.75
6456.95
6463.35
6469.4
6475.22
6481.55
6487.05
6492.5
6497.72
6502.87
6508.22
6513.72
6519.27
6524.62
6530.65
6536.22
6541.22
6546.32
6551.32
6556.22
6561.1
6566.45
6571.7
6577.87
6585.92
6633.4
6640.17
6645.9
6651.7
6657.4
6663.02
6668.4
6673.8
6679.32
6684.65
6690.07
6695.15
6700.37
6705.4
6710.92
6716.5
6721.6
6726.95
6731.9
6736.87
6742.32
6747.8
6752.8
6757.75
6763.27
6768.37
6773.52
6779.4
6785.65
6793.42
6839
6845.87
6852.02
6857.52
6862.87
6868.52
6874.8
6880.67
6886.62
6891.67
6897.12
6901.95
6906.9
6912.45
6917.62
6923.02
6928.27
6933.35
6939.02
6945.1
6950.55
6956.15
6961.45
6966.55
6972.32
6978.1
6983.4
6989.57
6997.3
7044.57
7050.92
7057.7
7063.77
7069.5
7074.95
7080.87
7086.47
7092.42
7098.12
7103.3
7108.67
7113.62
7119.25
7124.55
7129.6
7135.17
7140.12
7145.67
7150.87
7155.97
7161.45
7166.85
7172.15
7177.4
7183.1
7188.7
7194.02
7201.45
7252.65
7259.22
7265.07
7271.37
7277.37
7282.7
7287.95
7292.75
7298.05
7303.07
7308.3
7313.9
7319.1
7324.45
7329.65
7334.7
7340.22
7345.65
7350.42
7355.47
7360.57
7366
7371.45
7376.95
7382.72
7388.02
7393.32
7399.3
7408.47
7453.97
7461.25
7467.22
7473.6
7479.52
7485
7490.22
7495.6
7501.22
7506.8
7513.07
7518.2
7523
7528.42
7533.42
7538.35
7543.77
7549.35
7555.3
7560.37
7565.55
7571.72
7577.1
7582.1
7587.42
7592.62
7598.15
7603.87
7610.67
7617.55
7658.12
7665
7671.62
7677.12
7682.15
7687.87
7694.45
7700.22
7705.97
7711.1
7716.92
7722.32
7727.75
7733.55
7739.22
7745.35
7750.75
7756.27
7761.52
7766.8
7772.05
7777.8
7783.27
7788.85
7793.72
7798.57
7803.5
7809.42
7815.22
7823.95
7868.27
7874.92
7880.85
7886.37
7891.77
7897.3
7902.8
7908.17
7913.65
7918.97
7924.1
7929.45
7935.25
7940.77
7945.95
7951.05
7956.77
7962.75
7968.6
7973.85
7979.67
7984.87
7990.05
7995.87
8000.97
8006.42
8011.37
8016.77
8023.55
8030.12
8071.67
8078.87
8086
8092.3
8098.12
8103.97
8109.2
8114.85
8120.5
8126
8131.3
8136.77
8141.97
8147.07
8152.85
8157.87
8163.65
8169.67
8175.17
8180.4
8186.07
8191.05
8196.35
8201.8
8207.05
8212.2
8217.55
8222.82
8231.67
8277.77
8285.45
8291.8
8297.42
8303
8308.25
8313.7
8319.05
8324.12
8329.15
8333.92
8339.3
8344.85
8350.6
8355.95
8361.45
8367.07
8372.75
8378.47
8384.47
8389.72
8395
8400.25
8405.22
8410.3
8415.22
8420.15
8425.4
8431.72
8438.97
8483.67
8490.57
8497.22
8502.67
8508.27
8514.02
8519.6
8525.3
8530.87
8536.27
8541.87
8547.02
8552.37
8557.95
8563.5
8568.97
8574.67
8580.6
8586.05
8591.52
8597.1
8603.02
8608.45
8614
8619.97
8625.2
8630.5
8635.7
8643.92
8691.7
8699.27
8705.32
8711.4
8717.55
8723.67
8729.4
8734.62
8740.17
8745.27
8750.8
8756.5
8762.15
8767.77
8773.27
8779.37
8785.22
8790.6
8796.45
8802.07
8807.42
8812.8
8817.8
8822.62
8827.55
8832.55
8837.75
8843.2
8851.7
8898.65
8904.87
8911.1
8916.85
8922.85
8928.9
8934.42
8939.62
8944.9
8950.05
8955.32
8960.87
8966.25
8971.65
8976.85
8982.37
8987.6
8992.7
8998.1
9003.9
9009.77
9015.32
9020.9
9026.82
9032.55
9037.47
9043.1
9048.1
9055.67
9104.07
9110.12
9116.17
9122.4
9128.67
9134.4
9139.8
9145.65
9150.62
9155.67
9161.22
9166.7
9172.2
9178.2
9184.07
9189.1
9194.37
9199.8
9204.87
9209.95
9214.97
9220.1
9225.17
9230.42
9235.9
9241.05
9246.55
9251.85
9257.17
9264.55
9308.37
9316.07
9322.42
9328.47
9334.47
9340.27
9346.22
9352
9357.62
9363.02
9368.6
9374.2
9379.67
9385.1
9390.1
9395.2
9400.55
9406.32
9411.67
9416.9
9422.2
9427.47
9433.27
9439
9444.32
9450.22
9455.4
9461.15
9469.72
9515.17
9522.5
9528.55
9534.62
9540.35
9546
9551.2
9556.22
9561.7
9566.97
9572.15
9577.25
9582.57
9588.37
9593.52
9598.72
9603.8
9609.1
9614.25
9619.42
9624.92
9630.5
9635.98
9641.33
9646.38
9651.5
9656.83
9661.93
9668.8
9675.4
9719.3
9726.55
9732.43
9738.48
9744.2
9749.55
9754.73
9760.03
9765.2
9770.93
9776.2
9781.4
9786.98
9792.2
9797.4
9803.05
9808.48
9813.83
9819.35
9824.4
9829.6
9835.23
9841.05
9846.65
9851.78
9857.28
9862.88
9868.18
9875.38
9883.03
9925.05
9932.2
9938.98
9945.28
9951.48
9957.03
9962.18
9967.75
9973.28
9978.65
9984.1
9989.48
9995.4

