45.7
52.4
58.4
64.025
70.1
75.6
81.55
86.675
92.6
97.8
103.3
109.3
114.875
119.75
125.075
130.475
135.6
141
146.8
152.5
158.075
163.5
168.575
173.95
179.025
184.65
189.9
194.925
200.5
205.875
251.225
258.7
264.55
270.5
275.975
281.375
287.125
292.9
298.5
304.15
309.325
314.75
320.1
325.7
331
336.1
341.225
346.7
352.575
357.875
362.85
368.325
373.575
379.025
384.525
390.025
395.1
400.5
405.75
411.2
457.5
464.25
470.65
476.925
482.775
487.95
493.325
498.6
503.9
509.325
515.025
520.4
525.65
530.825
536.225
541.3
546.325
552.6
557.775
562.425
567.75
573.225
578.325
583.5
589.425
594.55
599.7
605.05
610.2
615.4
661.575
669.3
675.125
680.825
686.7
692.225
697.625
703.025
708.85
714.675
720.175
725.9
731.275
736.975
742.075
747.725
752.925
758.375
764.125
769.8
774.925
779.975
784.9
789.95
795.125
800.15
805.1
810.5
815.725
820.925
869.55
875.6
881.425
887.3
893.3
899
904.675
910.05
916.025
921.025
926.125
931.325
936.75
941.75
946.9
951.95
957.275
962.9
968.45
973.6
978.65
983.825
989.075
994.3
999.625
1005.28
1010.6
1015.78
1020.78
1025.73
1070.03
1077.35
1084
1090.08
1096.4
1102.45
1108.08
1113.9
1119.15
1124.55
1129.75
1135.33
1140.68
1146.5
1152.15
1157.28
1162.53
1167.55
1173.2
1179.18
1184.95
1190.5
1195.78
1201.38
1206.28
1211.85
1217.33
1222.85
1227.93
1233.55
1277.3
1284.1
1290.38
1296.65
1302.55
1308.45
1314.2
1319.6
1324.93
1330.1
1335.03
1340.43
1345.85
1351.08
1356.73
1362.85
1368.25
1373.23
1378.23
1383.1
1388.13
1393.18
1398.65
1404.35
1409.73
1415.05
1420.15
1425.43
1430.73
1435.68
1483.35
1490.35
1496.58
1502.43
1508.1
1513.63
1519.03
1524.63
1529.8
1535.23
1540.13
1545.38
1550.2
1555.25
1560.43
1566.18
1571.7
1577.45
1582.73
1587.88
1592.95
1598.13
1603.4
1608.48
1613.78
1618.83
1623.93
1629.3
1634.9
1640.4
1686.3
1693.05
1699.28
1705.78
1711.58
1717.35
1723.23
1728.83
1734.2
1739.35
1744.48
1749.85
1754.9
1760.18
1766.25
1771.53
1777
1782.53
1788.03
1794.4
1800.08
1805.3
1810.25
1815.55
1820.53
1826.08
1831.15
1836.13
1841.43
1847
1894.78
1901.9
1907.53
1913.6
1919.25
1924.9
1930.48
1936
1941.55
1947.13
1952.13
1957.4
1962.68
1968.25
1973.68
1979.23
1984.7
1989.58
1994.55
1999.7
2005
2010.4
2015.98
2020.98
2026.1
2031.63
2037.2
2042.7
2048.3
2053.68
2101.3
2107.53
2113.18
2118.95
2124.48
2130.23
2135.78
2141.18
2146.6
2152.33
2157.45
2163.43
2168.8
2174.28
2179.5
2184.78
2189.85
2194.7
2200.2
2205.35
2210.98
2216.4
2221.35
2226.88
2232.08
2237.45
2243.1
2247.85
2253.15
2259.33
2306.78
2314.58
2320.5
2326.35
2331.9
2337.63
2343.08
2348.85
2354.48
2359.8
2365.13
2370.55
2376.43
2382.03
2387.38
2392.83
2398.35
2403.98
2409.1
2414.28
2419.72
2424.7
2430.02
2435.65
2441.47
2447.15
2452.47
2457.75
2463.05
2468.2
2515.2
2522.77
2529.95
2535.9
2541.8
2547.35
2552.8
2558.02
2563.25
2568.8
2574.77
2579.95
2585.47
2591.45
2597.15
2602.47
2607.2
2612.47
2618.1
2623.52
2628.65
2634.02
2639.15
2644.85
2649.77
2655.15
2660.42
2665.52
2670.67
2678.37
2720.82
2727.7
2733.7
2739.82
2745.3
2750.65
2755.97
2761.67
2766.67
2771.75
2777.9
2783.67
2789.27
2794.65
2800.02
2805.92
2811.6
2816.8
2821.72
2826.6
2831.52
2836.75
2842.02
2847.17
2852.15
2857.15
2862.47
2867.92
2873.37
2878.8
2924.07
2931.25
2937.62
2943.22
2948.8
2954.17
2959.47
2964.85
2970.25
2976.07
2982.05
2987.7
2993.27
2998.45
3004.47
3010.3
3015.5
3020.6
3025.82
3031.57
3036.85
3042.27
3047.37
3052.57
3057.4
3062.72
3068.1
3073.67
3079
3084.52
3130.85
3138.2
3144.27
3150.25
3156.35
3162.2
3168.52
3175.02
3180.7
3186.45
3191.95
3197.37
3202.52
3207.6
3213.22
3218.9
3223.9
3229.1
3235.4
3240.85
3246.2
3251.65
3257.07
3262.37
3267.3
3272.67
3277.92
3283.35
3288.37
3337.12
3344.12
3350.12
3356.45
3362.25
3368.15
3373.5
3379.1
3385.07
3391.17
3396.97
3402.25
3407.62
3413.27
3418.6
3423.85
3428.87
3434.1
3439.57
3444.82
3449.77
3454.55
3460.32
3465.9
3470.92
3476.35
3481.65
3487.27
3492.85
3498.8
3540.85
3548.42
3554.72
3560.87
3566.75
3572.87
3578.57
3584.25
3589.75
3595.3
3600.52
3606.1
3611.37
3616.85
3622.67
3628.05
3633.07
3638.3
3643.65
3648.97
3654.62
3659.82
3665.15
3670.3
3675.4
3680.57
3685.9
3691.22
3696.5
3701.57
3749.72
3755.95
3762.42
3768.1
3774.6
3780.55
3786.4
3792
3797.9
3803.1
3808.85
3813.8
3819.1
3824.2
3829.57
3835.17
3840.57
3846.12
3851.62
3857.02
3862.15
3867.5
3873.22
3878.3
3883.75
3889.3
3894.92
3899.87
3905
3957.7
3964.17
3970.25
3976.45
3982.15
3988.12
3993.47
3999.47
4005.07
4010.42
4015.45
4020.5
4025.65
4030.77
4035.8
4040.82
4046.25
4051.22
4056.32
4061.9
4067.17
4072.67
4078.37
4083.65
4088.7
4093.62
4098.87
4104.07
4109.27
4160.17
4166.5
4172.7
4178.57
4184.1
4189.82
4195.82
4201.2
4206.55
4212.07
4217.32
4222.4
4227.8
4232.92
4238.3
4243.52
4248.67
4253.25
4258.57
4263.72
4268.92
4274.87
4280.6
4286.35
4292.05
4296.75
4301.77
4307.3
4312.92
4318.62
4365.45
4372.62
4379.95
4386.02
4392.62
4397.8
4403.97
4409.8
4414.97
4420.17
4425.7
4430.9
4436.3
4441.3
4446.37
4451.42
4456.35
4461.52
4467
4472.4
4477.92
4483.15
4488.42
4493.42
4498.8
4504.22
4509.42
4514.82
4520.1
4573.3
4580.27
4586.35
4592.57
4598.4
4603.87
4609.27
4614.7
4620.2
4625.52
4631.45
4636.82
4642.72
4648.65
4654.6
4660.25
4665.72
4671.07
4676.12
4681.27
4686.8
4691.72
4697
4702.45
4707.55
4713.02
4718.32
4723.6
4729.07
4781.27
4788.02
4794.82
4801
4806.6
4812.55
4818.3
4824.07
4829.47
4835.2
4840.62
4845.72
4851.05
4856.57
4861.7
4866.37
4871.45
4876.92
4881.92
4887.02
4891.82
4897.2
4902.95
4908.25
4913.45
4918.92
4924.17
4929.22
4934.07
4942.6
4991.35
4998.57
5004.75
5010.45
5015.6
5021.22
5027.05
5032.5
5038.17
5043.72
5048.92
5054.67
5060
5065.4
5070.37
5075.75
5081.35
5086.27
5091.47
5096.7
5102.15
5107.52
5113.27
5118.62
5123.72
5128.87
5134.52
5140.02
5147.92
5198.9
5205.65
5211.62
5217.65
5223.47
5229.42
5234.9
5240.25
5245.82
5251.55
5256.77
5261.95
5267.45
5272.72
5277.87
5283.35
5288.45
5293.42
5298.95
5303.97
5308.9
5313.92
5319.05
5324.02
5329.05
5334.22
5339.35
5344.82
5353.17
5402.17
5408.85
5414.55
5420.75
5427.07
5432.6
5438.3
5443.85
5449.32
5454.72
5459.97
5465.27
5471
5476.8
5482.47
5488.07
5493.47
5498.67
5503.65
5509.17
5515.17
5521.02
5526.7
5532.35
5538.02
5543.45
5548.8
5555.65
5562.27
5603.95
5611.62
5617.55
5623.35
5629.12
5634.9
5640.4
5645.67
5650.92
5656.3
5661.9
5667.25
5672.75
5678.5
5683.52
5688.95
5694.57
5699.8
5705.17
5710.35
5715.9
5720.95
5726.72
5731.87
5736.72
5741.37
5746.87
5752.07
5759.85
5766.95
5809.95
5816.3
5822.52
5828.37
5833.77
5839.5
5845.75
5851.2
5856.67
5862.05
5867.32
5872.2
5877.6
5882.72
5888.47
5893.45
5898.85
5904.3
5909.4
5915.1
5920
5925.05
5930.02
5935.35
5940.77
5946.1
5951.35
5956.72
5964.05
5971.72
6014.57
6020.72
6027.45
6033.52
6039.72
6046.42
6051.57
6057.15
6062.32
6067.47
6072.82
6078.47
6083.77
6089.17
6094.15
6099.1
6104.4
6109.7
6115.45
6120.9
6127.1
6132.37
6137.67
6142.92
6148.17
6153.5
6159.22
6164.55
6171.62
6220.42
6227.62
6234.27
6239.5
6245.22
6250.7
6256
6261.5
6266.72
6272.02
6277.42
6282.82
6288.17
6293.45
6298.72
6304.1
6309.45
6314.72
6319.67
6324.65
6330.2
6335.62
6341.05
6346.12
6350.85
6355.95
6361.02
6366.37
6371.37
6377.77
6384.07
6426.8
6432.85
6439
6444.77
6450.37
6456.75
6462.65
6468.67
6474.15
6480.3
6485.95
6491.07
6495.97
6501.42
6506.87
6512.1
6517.6
6523.25
6528.82
6534.27
6539.8
6545.17
6550.1
6555.22
6560.62
6566.45
6571.87
6577.22
6584.75
6637.2
6644.8
6650.9
6656.2
6661.57
6666.9
6672.8
6678.35
6683.6
6689.35
6694.5
6699.42
6705.05
6710.52
6716.15
6721.15
6727.4
6732.9
6738.27
6743.75
6748.87
6753.7
6758.52
6764.07
6769.02
6773.72
6778.82
6784
6791.4
6836.55
6843.6
6849.3
6854.75
6861.12
6867.35
6872.9
6878.3
6883.9
6889.72
6895.3
6900.8
6906.1
6911.4
6916.87
6922.65
6927.82
6933.42
6938.67
6944.2
6949.55
6954.9
6960.8
6965.95
6971.7
6977.12
6982.47
6987.85
6996.07
7050.3
7057.92
7063.85
7069.52
7075.17
7081.25
7086.9
7092.37
7098.17
7104
7109.1
7114.75
7119.72
7125
7130.07
7135
7140.12
7145.67
7150.77
7156.2
7161.62
7166.97
7172.32
7177.9
7184.3
7189.77
7195
7202.67
7252.07
7258.6
7264.42
7270.12
7276.4
7281.97
7287.17
7292.42
7298.02
7303.57
7309.15
7314.62
7320.2
7325.67
7330.9
7336.02
7340.92
7345.9
7350.8
7356.02
7361.25
7366.5
7372.1
7377.95
7383.05
7388.27
7393.47
7398.57
7407.72
7454.65
7460.9
7467.12
7472.95
7478.7
7484.52
7489.9
7495.05
7500.65
7506.32
7511.92
7517.47
7523.32
7529.02
7534.92
7541.02
7546.65
7552.07
7557.45
7562.77
7567.9
7573.25
7579
7584.2
7588.87
7593.8
7599.4
7604.35
7611
7618.17
7661.82
7669.87
7676.6
7682.72
7688.9
7695.02
7700.8
7706.35
7711.6
7717.3
7722.7
7727.77
7733.3
7738.95
7744.52
7749.55
7754.9
7759.92
7764.9
7770.07
7775.4
7781.12
7786.8
7792.02
7796.87
7802.17
7807.35
7812.82
7821.02
7866.92
7874.05
7879.82
7885.87
7891.65
7897.47
7903.35
7909.55
7915.67
7921.75
7927.82
7933.6
7939.05
7944.1
7949.77
7955.05
7960.3
7965.5
7970.75
7976.4
7981.6
7986.92
7992.87
7998.15
8003.95
8009.17
8015.12
8021.15
8029.15
8079.22
8086.5
8092.65
8098.65
8104.5
8110.17
8115.32
8120.7
8125.87
8130.85
8136.3
8141.6
8146.57
8151.9
8157
8162.62
8167.87
8172.77
8177.97
8182.97
8188.05
8193.3
8198.55
8203.45
8208.62
8213.82
8219.02
8224.57
8231.7
8276.17
8283.25
8289.65
8295.95
8302.72
8308.42
8313.7
8319.87
8325.62
8330.95
8336.37
8341.37
8346.85
8352.42
8357.9
8363.4
8368.57
8374.15
8379.72
8385.07
8390.65
8396.45
8402.25
8407
8412.07
8417.17
8422.6
8428.05
8436.55
8480.95
8487.9
8494.65
8500.47
8506.05
8512.25
8517.22
8522.42
8528.12
8533.97
8539.65
8544.92
8550.47
8556.27
8561.82
8567.4
8572.6
8578.1
8583.22
8588.55
8593.7
8599.82
8605.37
8610.6
8615.55
8620.85
8625.95
8631.2
8636.92
8645.22
8690.37
8697.67
8704.02
8710
8716.67
8722.42
8727.55
8732.57
8738.12
8744.35
8750
8755.02
8759.85
8764.92
8770.52
8775.75
8780.92
8786.4
8791.75
8797.12
8802.4
8807.57
8812.82
8818.07
8823.6
8829.02
8834.32
8839.97
8846.05
8853.5
8897.3
8903.65
8909.42
8915.8
8921.5
8927.12
8932.92
8938.7
8944.45
8950.1
8955.7
8960.9
8965.87
8971.07
8976.57
8981.92
8987.15
8992.55
8997.82
9003.17
9009.02
9014.35
9019.87
9025.22
9030.17
9035.67
9041
9046.9
9055.27
9102.12
9109.05
9116.35
9122.8
9129.1
9134.65
9139.9
9145
9150.42
9155.97
9161.47
9166.97
9172.5
9177.75
9182.8
9188.3
9193.97
9199.6
9204.92
9210.75
9215.8
9221.2
9226.95
9232.32
9237.8
9243.4
9249.12
9254.37
9262.55
9311.07
9318.52
9324.7
9330.67
9336.85
9343.07
9348.65
9354.3
9359.52
9365.05
9370.95
9377.17
9382.87
9388.15
9393.12
9398.3
9403.35
9408.75
9414.6
9420.17
9425.8
9431.1
9436.87
9441.9
9447.62
9452.75
9457.7
9463.1
9471.25
9516.05
9523.52
9530.05
9536.37
9541.97
9547.2
9552.95
9559.07
9564.32
9570.12
9576.35
9581.47
9586.4
9591.57
9596.9
9602.27
9607.45
9612.55
9617.62
9622.77
9628.15
9633.42
9638.83
9644.28
9649.53
9655.05
9660.58
9665.7
9672
9716.85
9722.93
9728.78
9734.58
9740.78
9747.18
9752.75
9758.53
9764.25
9769.83
9775.03
9779.95
9784.98
9790.38
9795.65
9801.45
9807.08
9812.55
9818.35
9824.33
9829.85
9835.35
9840.53
9846.13
9851.3
9856.83
9862.05
9867.38
9872.88
9880.28
9924.18
9930.03
9935.88
9941.73
9947.25
9952.75
9958.83
9964.73
9970.6
9975.93
9981.53
9986.93
9992.78
9998.6

