46.9
54.025
60.325
67.075
72.75
78.575
84.575
90.775
96.375
101.625
106.65
111.7
117.1
122.375
127.925
133.525
138.525
143.475
148.325
153.325
159.025
164.175
169.45
175.15
180.875
186
191.025
196.05
200.775
205.85
255.95
262.075
268.175
274.15
280.425
286.2
292.325
297.65
302.975
308.425
314.225
319.6
325.15
330.825
335.9
341.625
346.825
352.65
358.525
364.25
369.8
375.725
381.2
386.425
392.2
397.2
401.975
406.975
411.85
460.7
466.9
472.9
478.575
484.45
490.45
496.05
501.55
506.45
512.2
517.8
523.5
529.575
535.1
541.075
546.775
552.575
557.6
563.1
568.575
573.6
578.775
583.675
588.85
594.4
600
604.95
610.375
615.925
663.8
670.275
676.475
682.8
688.775
694.425
699.7
705
710.4
715.35
720.8
726.675
732.275
737.475
742.975
748.275
753.5
759.2
764.25
769.9
775.3
780.4
785.475
790.525
795.825
801.875
807.8
813.575
818.575
823.975
868.85
876.4
882.525
888.525
894.125
899.625
904.975
910.275
915.8
922
927.65
932.425
937.725
943.45
949.375
954.7
960.075
965.3
970.425
975.95
981.825
986.975
992.225
997.2
1002.48
1007.85
1013.38
1018.63
1024.15
1029.4
1075.3
1081.33
1087.98
1093.6
1099.03
1104.7
1110.88
1115.95
1121.15
1126.58
1131.83
1136.8
1142.53
1147.95
1153.6
1158.8
1164.15
1169.8
1175.4
1181.1
1186.33
1191.43
1196.93
1202.73
1208.85
1214.7
1220.53
1226.2
1231.9
1278.55
1285.48
1291.15
1296.73
1302.4
1307.8
1313.35
1318.93
1324.78
1330.55
1336.3
1341.63
1346.68
1352.45
1357.73
1363.35
1368.6
1374.18
1379.68
1384.48
1389.7
1394.73
1399.68
1404.75
1409.7
1415.2
1420.78
1426.15
1431.45
1436.9
1481.95
1489.85
1496.45
1502.43
1508.08
1513.8
1519.23
1525.3
1530.65
1535.75
1541.45
1547.5
1553
1558
1563.53
1569.15
1574.33
1579.83
1585.28
1591.08
1596.53
1602
1607.55
1612.68
1617.88
1622.73
1627.9
1633.25
1638.55
1643.55
1688.13
1694.73
1701.25
1707.33
1712.8
1718.63
1723.73
1729.08
1734.73
1740.08
1745.18
1750.08
1755.18
1760.38
1765.65
1770.95
1776.18
1781.78
1787.2
1793.03
1798.73
1804.3
1809.55
1815
1820.3
1825.85
1831.15
1836.53
1841.78
1847.48
1896.25
1902.98
1908.48
1914.3
1919.93
1925.53
1930.78
1936.6
1942.43
1947.7
1952.65
1958.08
1963.83
1969.38
1974.63
1979.98
1985.58
1991.1
1996.13
2000.98
2006.28
2011.33
2016.88
2022.1
2027.98
2033.95
2039.2
2044.25
2049.43
2054.68
2100.93
2108.03
2114.33
2120.33
2125.9
2131.5
2137.45
2143.43
2149.03
2154.43
2159.38
2164.48
2169.5
2174.8
2180.13
2185.63
2190.78
2196.13
2201.6
2207.23
2212.83
2217.83
2222.7
2228.03
2233.25
2238.28
2243.35
2248.53
2254.25
2259.68
2310.3
2317.1
2323.23
2328.95
2334.53
2340.23
2345.88
2351.58
2357.13
2362.93
2369.13
2374.45
2379.43
2384.28
2389.53
2394.7
2400.4
2405.5
2410.73
2415.68
2421.2
2426.85
2432.52
2437.82
2442.97
2447.7
2452.82
2457.92
2463
2468.12
2516.15
2523.17
2529.62
2535.72
2541.27
2547.15
2552.57
2557.65
2563.52
2569
2574.55
2579.57
2584.97
2590.15
2595.42
2600.37
2605.4
2610.37
2615.6
2620.25
2625.7
2630.72
2635.7
2640.95
2646.67
2652.05
2657.35
2662.47
2667.32
2672.82
2720.35
2727.45
2733.57
2739.47
2745.3
2751.12
2757.15
2762.2
2767.42
2772.5
2777.8
2783.37
2789.85
2795.42
2801.02
2806.3
2812
2817.8
2823.35
2828.9
2834.35
2839.82
2844.92
2850
2855.25
2860.62
2866.22
2871.4
2876.55
2883.15
2926.32
2933.5
2940.17
2946.1
2951.4
2957.22
2962.57
2967.87
2973.02
2978.45
2983.82
2989.32
2994.5
2999.57
3004.8
3010.02
3015.07
3020.57
3025.45
3031.07
3036.35
3041.35
3046.77
3052.17
3057.37
3062.7
3067.75
3072.77
3077.6
3082.87
3088.35
3134.1
3141.17
3146.67
3152.22
3158.27
3164.02
3169.67
3175.27
3181.1
3187.27
3193
3198.37
3204.07
3210.42
3216.15
3221.45
3226.9
3232.22
3237.22
3242.47
3247.7
3252.4
3257.62
3262.6
3267.9
3273.4
3278.72
3284.27
3289.55
3332.62
3339.27
3345.65
3351.8
3358.57
3364.1
3369.9
3376.4
3382.07
3387.52
3392.6
3397.42
3402.8
3407.9
3413.3
3418.67
3424.27
3429.8
3435.4
3440.85
3445.62
3450.92
3456.47
3462.3
3467.82
3473.52
3478.55
3484.07
3489.62
3495.52
3547.35
3553.67
3559.9
3565.12
3570.75
3576.4
3582
3587.32
3593.17
3598.82
3604.27
3609.57
3614.9
3620.4
3625.7
3631.12
3636.62
3641.7
3646.67
3651.42
3656.32
3661.82
3667.25
3672.85
3678.3
3684.42
3689.92
3695.4
3700.82
3748.92
3756.52
3763.15
3769.22
3774.77
3780.45
3786.72
3792.4
3797.9
3803.32
3808.62
3814.17
3819.1
3824.15
3829.27
3834.5
3839.92
3845
3850.22
3855.37
3860.85
3866.37
3871.95
3877.12
3882.15
3887.25
3892.2
3897.77
3903.15
3909.1
3956.75
3964.15
3970.87
3977.2
3983.2
3988.92
3994.45
4000.4
4005.55
4010.65
4016.02
4021.45
4026.82
4032.37
4037.97
4043.4
4049.1
4054.17
4059.02
4064.52
4069.82
4075.22
4080.37
4085.32
4090.62
4095.6
4100.82
4106.12
4111.35
4160.55
4166.72
4173.3
4179.4
4184.82
4189.87
4195.17
4200.5
4206.1
4211.1
4216.27
4221.97
4226.82
4232.62
4238.17
4243.77
4248.57
4253.9
4259.62
4264.72
4269.75
4275.05
4280.35
4285.65
4291.25
4296.85
4302.12
4307.72
4313.3
4318.52
4365.45
4371.52
4377.5
4384
4389.67
4395.45
4400.95
4406.27
4411.65
4416.97
4422.42
4427.87
4433.3
4438.5
4443.87
4449.1
4454.3
4459.1
4464.35
4469.57
4475.2
4480.95
4486.7
4491.72
4497.25
4502.35
4507.5
4512.42
4517.8
4523.57
4575.97
4582.82
4589.22
4594.77
4600.3
4605.92
4611.82
4617.7
4623.42
4628.92
4633.95
4638.77
4644.15
4650.05
4655.8
4661.8
4667.27
4672.5
4678.05
4683.32
4688.42
4693.97
4699.15
4704.52
4710.5
4715.87
4721.3
4726.75
4779.65
4786.07
4792.2
4798.12
4803.67
4809.65
4815.9
4821.67
4827.5
4832.32
4837.3
4842.55
4848.12
4853.35
4859.1
4864.1
4869.82
4875.02
4880.02
4885.17
4890.37
4896.17
4901.65
4906.85
4912.1
4917.47
4922.5
4927.4
4933.45
4941.92
4991.22
4998.7
5004.55
5010.37
5015.85
5021.75
5027.15
5033.07
5038.47
5044.05
5049.62
5055.22
5060.37
5065.72
5070.95
5075.75
5080.72
5086
5092.27
5097.85
5103
5108.35
5113.8
5119.22
5124.95
5130.67
5135.92
5141.82
5148.75
5198.4
5205.37
5211.22
5217.1
5222.92
5229.02
5234.92
5240.35
5246.22
5251.82
5257.12
5262.7
5268.07
5273.55
5279.22
5285.25
5290.52
5296.05
5301.15
5306.47
5311.45
5316.9
5322.3
5327.67
5333
5338.2
5344.15
5351.2
5357.35
5399.12
5405.5
5412.17
5418.17
5424.4
5430.27
5435.92
5441.52
5447.25
5452.45
5457.87
5463.17
5469.15
5474.32
5479.62
5485.07
5490.07
5495.75
5500.87
5506.07
5511.2
5516.22
5521.62
5527.1
5532.55
5537.87
5543.12
5548.1
5555.8
5562.7
5602.72
5609.45
5615.4
5621.65
5627.27
5633.42
5639.1
5644.37
5650.42
5655.52
5661
5665.95
5671.77
5677.07
5682.32
5687.9
5693.3
5698.75
5704.15
5709.62
5715.15
5720.52
5726
5731.47
5736.97
5742.57
5747.82
5753.22
5760.87
5808.65
5815.2
5821.27
5827.97
5833.55
5839.35
5844.97
5850.75
5856.57
5863.07
5869.05
5874.2
5879.27
5884.75
5890.57
5896.07
5901.35
5906.45
5911.77
5917.1
5922.45
5927.57
5932.72
5938.55
5944.12
5949.32
5954.92
5960.67
5967.72
6014.2
6020.97
6027.35
6033.15
6038.22
6044.12
6049.67
6055.25
6060.9
6066.25
6071.62
6076.95
6082.57
6088.07
6093.37
6098.75
6104.42
6110.27
6115.57
6121.4
6126.52
6131.8
6136.87
6142.35
6147.7
6153.22
6158.2
6163.62
6171.45
6220.7
6226.95
6232.95
6239.27
6245.07
6250.55
6256.55
6261.7
6267.62
6273.1
6279.15
6284.47
6289.4
6294.87
6300.02
6305.4
6311.02
6316.62
6321.82
6327.15
6333.2
6338.62
6343.62
6348.9
6354.22
6359.5
6364.72
6369.7
6377
6385.55
6428.47
6435.4
6441.3
6447.17
6453.42
6458.9
6464.05
6469.25
6474.52
6480.17
6486.57
6492.52
6498.3
6503.55
6508.52
6513.52
6518.97
6523.77
6529.25
6534.5
6539.77
6545.5
6550.85
6555.75
6560.8
6566.05
6571.55
6576.97
6584.3
6633.9
6640.22
6646.45
6652.85
6659.12
6664.05
6669.55
6674.9
6680.2
6686.05
6691.52
6697.07
6701.9
6707.1
6712.62
6717.65
6723.62
6729.07
6734.27
6739.75
6745
6750.12
6755.47
6760.67
6765.8
6771.17
6776.27
6781.07
6787.02
6794.4
6840.5
6847.2
6853.95
6860.42
6866.47
6872.62
6878.37
6883.85
6889.6
6895.52
6901.27
6906.55
6911.85
6917.3
6922.87
6927.52
6932.42
6937.75
6942.75
6947.95
6953.1
6958.85
6964.15
6969.52
6974.65
6979.77
6985.27
6990.72
6999.57
7045.15
7051.6
7058.52
7064.1
7070.02
7075.82
7081.75
7087.62
7093.57
7099.15
7104.87
7110.4
7115.9
7121.25
7126.87
7132.67
7138.27
7143.2
7148.77
7154.2
7159.57
7164.72
7170.2
7175.77
7181.1
7186.57
7192.2
7201.62
7248.3
7255.97
7262
7268.12
7274.05
7279.8
7285.8
7291.02
7296.9
7302.25
7307.6
7313.47
7318.82
7324.22
7329.55
7334.52
7339.5
7344.9
7350.27
7355.95
7361.42
7367.5
7372.85
7378.32
7383.72
7389.35
7394.27
7399.72
7406.72
7456.72
7464.1
7470.67
7476.75
7483.32
7489.42
7494.92
7500.3
7505.72
7510.72
7516.35
7521.72
7527.17
7532.35
7537.6
7542.9
7548.75
7554.42
7559.92
7565.3
7570.4
7575.35
7580.3
7585.45
7590.57
7596.07
7601.37
7606.35
7613.5
7620.1
7659.47
7665.72
7672.55
7678.82
7684.72
7690.2
7695.65
7701.72
7707.45
7713.4
7718.42
7723.72
7729.67
7735.3
7740.5
7745.35
7750.7
7755.75
7761.35
7766.85
7772.25
7777.52
7782.75
7788.02
7793.35
7798.8
7804.05
7809.25
7815.97
7822.37
7867.47
7873.7
7880.15
7886.4
7892.07
7897.25
7902.75
7908.27
7913.45
7918.62
7924.05
7929.42
7934.3
7939.65
7944.87
7950.05
7955.72
7961.82
7967.65
7973.15
7978.07
7983.17
7988.27
7993.42
7998.82
8004.52
8009.62
8015.22
8020.72
8027.32
8077.35
8084.45
8091.02
8096.77
8102.52
8108.35
8114.32
8119.67
8125.3
8131
8136.8
8142.37
8147.7
8153.05
8158.12
8163.32
8168.82
8174.1
8179.45
8185.07
8190.32
8196.25
8201.42
8206.82
8212.15
8217.47
8222.55
8231.7
8275.17
8283.52
8289.72
8296.07
8301.92
8307.9
8313.45
8318.87
8324.52
8330.25
8335.85
8341.35
8346.55
8352.1
8357.72
8363.67
8368.77
8374.9
8380.6
8385.65
8391.1
8396.45
8401.57
8407.02
8412.37
8417.67
8423.02
8428.35
8435.25
8441.67
8481.22
8488.7
8494.92
8500.82
8506.57
8512
8517.75
8522.92
8528.3
8533.72
8539.6
8544.77
8550.9
8556.47
8561.4
8566.2
8571.47
8576.3
8581.27
8586.92
8592.37
8598
8603.02
8608.25
8613.72
8618.95
8624.4
8630.35
8636.12
8644.32
8688.37
8694.97
8701.4
8707.07
8712.7
8718.3
8724.25
8729.35
8734.8
8740.65
8746.1
8751.47
8757.17
8762.1
8767.37
8772.95
8778.12
8783.4
8788.67
8793.7
8799.37
8804.65
8809.9
8814.97
8820.27
8825.82
8831.55
8837.12
8842.65
8850.17
8899.07
8905.97
8911.72
8917.02
8922.92
8928.47
8933.85
8939.15
8944.75
8950.1
8955.27
8960.3
8965.32
8970.92
8976.1
8981.97
8987.1
8992.62
8997.55
9002.57
9007.7
9013.02
9018.1
9023.22
9028.2
9033.67
9039.15
9045.1
9052.67
9060.07
9101.32
9107.5
9113.67
9119.82
9126.05
9131.52
9137.17
9143.37
9148.8
9154.35
9159.95
9165.72
9170.87
9176.45
9181.45
9186.62
9191.77
9196.65
9201.72
9206.9
9212.12
9217.32
9222.62
9227.95
9233.27
9238.4
9243.47
9248.95
9254.35
9261.97
9309.47
9315.8
9321.97
9327.75
9333.9
9340.05
9346.02
9351.87
9357.47
9362.57
9367.9
9373.5
9379.05
9384.57
9390.2
9395.85
9401.45
9407.22
9412.72
9418.2
9423.6
9428.95
9433.87
9439.45
9444.82
9450.57
9455.67
9461.72
9469.07
9516.75
9522.72
9528.92
9535.35
9541.52
9547.1
9552.97
9558.45
9564.07
9569.47
9574.22
9579.15
9584.75
9590.42
9595.72
9601.15
9606.5
9611.65
9617.15
9622.07
9627.55
9633.02
9638.58
9644.15
9649.65
9654.7
9659.58
9664.73
9672.98
9721.95
9728.45
9734.25
9739.95
9745.9
9751.2
9756.65
9762.3
9767.7
9773.35
9779.1
9784.45
9789.83
9794.85
9800.48
9806.2
9811.73
9816.53
9821.43
9826.63
9831.78
9837.13
9842.45
9847.83
9853.23
9858.53
9864
9869.6
9878.35
9925.6
9932.5
9939.28
9946.05
9952.1
9957.68
9962.98
9968.83
9973.98
9979.2
9984.1
9989.35
9994.88

