41.8
48.775
54.95
61.075
67
72.825
78.925
84.375
89.725
94.975
100.5
106.6
112.125
117.45
123.525
129.325
134.9
140.5
145.675
150.875
156.25
161.5
166.5
171.7
176.75
181.8
186.85
192.125
197.125
202.5
207.525
250.95
257.675
263.5
269.7
275.425
281.025
286.55
291.8
297.475
302.875
308.4
313.775
318.925
324.075
329.425
334.45
340
345.675
351.075
356.3
361.6
367.125
372.325
377.8
383.15
388.625
394.075
399.475
404.675
409.35
459.1
466
472.75
478.625
484.95
490.775
496.2
501.4
506.875
512.075
517.175
522.725
528.325
533.65
538.575
544.1
549.675
555.15
560.525
565.575
570.75
576.1
581.375
586.45
591.575
597.2
602.825
608.375
613.875
660.925
666.975
673.1
678.975
685.1
690.4
696.1
702.65
708.5
714.525
720.025
725.35
730.6
735.875
740.95
746.225
751.3
756.425
761.675
766.8
772.275
778
783.725
789.2
794.85
800.3
805.75
810.65
815.825
820.975
869.9
876.925
882.625
888.35
894.175
899.6
905.475
911.2
916.5
921.75
927.425
932.85
938.425
943.525
948.925
954.125
959.4
964.75
969.925
975.275
980.75
986.95
992.3
997.9
1003.15
1008.03
1013.43
1019.2
1024.4
1071.18
1078.43
1085.35
1091.4
1096.63
1102.13
1107.63
1113
1119.08
1124.35
1129.78
1135.05
1140.08
1145.65
1150.83
1156.38
1161.83
1166.93
1172.55
1177.98
1183.1
1188.75
1193.85
1199.03
1204.6
1209.88
1215.25
1220.65
1225.78
1230.9
1278.8
1285.73
1291.95
1298.6
1304.23
1309.85
1315.63
1320.98
1326.23
1331.43
1337.03
1342.5
1347.93
1353.33
1359.18
1364.8
1370.28
1375.45
1380.6
1385.45
1390.55
1395.53
1400.5
1405.75
1410.55
1415.55
1420.7
1425.95
1431.03
1436.33
1482.13
1489.53
1496.25
1502
1507.18
1513
1518.53
1523.7
1529.03
1534.53
1539.98
1545.33
1551.03
1556.83
1562.45
1567.53
1572.55
1577.8
1583.55
1588.65
1593.98
1599.2
1604.63
1610.1
1615.68
1620.68
1625.93
1631.18
1636.73
1642.05
1689.73
1696.5
1702.38
1707.85
1714.38
1719.98
1725.38
1730.95
1736
1741.23
1746.53
1751.45
1756.25
1761.53
1767.1
1772.48
1777.83
1783.3
1788.58
1794.28
1799.53
1804.88
1810.38
1816.33
1821.98
1827.6
1832.68
1838.03
1843.28
1848.78
1894.13
1900.85
1907.45
1913.28
1919.2
1925.53
1931.78
1937.4
1942.73
1948.43
1953.75
1959.08
1964.13
1969.95
1975.53
1980.85
1986.53
1991.85
1997.45
2003.1
2008.25
2013.28
2018.98
2024.58
2029.95
2035.65
2040.93
2046.23
2051.83
2102.53
2109.13
2115.43
2121.95
2127.7
2133.18
2138.3
2143.68
2148.8
2154.05
2159.3
2164.95
2170.25
2175.83
2181.53
2187.05
2192.45
2197.7
2202.68
2208
2213.48
2218.83
2224.23
2229.5
2234.93
2240.2
2245.08
2250.08
2255.6
2261.13
2307.48
2313.98
2320.35
2326.75
2333.05
2338.4
2343.5
2349.08
2354.4
2360.08
2365.1
2370.13
2375.55
2381.08
2386.58
2392.18
2397.18
2402.13
2407.05
2412.28
2417.4
2422.15
2427.1
2432.25
2437.65
2443.3
2449.25
2454.72
2460
2465.37
2515.35
2522.22
2528.35
2533.67
2539.35
2544.67
2551.02
2556.35
2561.77
2567.25
2573.2
2578.52
2583.4
2588.3
2593.85
2598.92
2604
2609.1
2614.37
2619.6
2625.12
2630.9
2636.77
2642.5
2647.67
2652.7
2658.05
2663.92
2669.6
2674.97
2722.42
2729.02
2735.15
2740.8
2746.95
2752.62
2758.45
2763.77
2769.1
2774.35
2780.57
2786.67
2792.25
2797.45
2802.8
2808.05
2813.12
2818.3
2824.4
2829.67
2835.45
2840.72
2845.55
2850.57
2856.25
2861.4
2866.37
2871.72
2877.27
2926.77
2932.75
2939.25
2945.17
2950.65
2956.3
2961.75
2967.05
2972.45
2977.67
2982.8
2988.82
2994.47
3000
3005.42
3011.07
3016.7
3021.62
3026.85
3032.3
3037.47
3042.32
3047.57
3052.6
3058.05
3062.97
3067.82
3073.17
3078.22
3082.87
3087.85
3131.15
3137.75
3143.8
3150.25
3155.87
3161.65
3167.47
3173.15
3178.47
3183.6
3189.6
3194.72
3199.92
3205.22
3210.57
3215.75
3221.6
3227.02
3232.77
3238.22
3243.15
3248.32
3253.55
3258.92
3264.35
3269.8
3275.77
3281.07
3286.67
3292
3336.77
3343.72
3349.77
3356.17
3361.7
3367.22
3373.1
3378.42
3383.6
3389.2
3394.75
3400.25
3405.47
3410.85
3416.3
3422.37
3427.77
3433.02
3438.47
3443.75
3449.02
3454.25
3459.72
3465.47
3470.95
3476.75
3482.72
3488.3
3493.67
3500.12
3544.57
3551.47
3557.52
3563.57
3569.57
3574.97
3580.27
3585.65
3590.82
3596.12
3601.1
3606.3
3612.1
3617.27
3622.85
3628.4
3633.87
3639.47
3644.95
3650.37
3655.55
3660.8
3666.4
3671.82
3676.92
3682.1
3687.25
3692.72
3698.52
3751.72
3758.42
3764.55
3770.2
3776.02
3781.65
3787
3792.35
3797.25
3802.25
3807.92
3813.97
3819.8
3825.42
3830.47
3835.85
3841
3846.4
3852.05
3857.47
3862.8
3867.95
3873.27
3878.95
3884.17
3889.25
3894.62
3899.65
3904.45
3954.27
3961.12
3968.27
3973.92
3979.57
3985.47
3991.62
3997.77
4003.25
4008.95
4014.6
4020.47
4026.52
4031.55
4036.72
4041.82
4046.95
4052.05
4057.4
4062.67
4067.52
4072.95
4078.27
4083.37
4088.5
4093.35
4098.4
4103.22
4108.32
4114.3
4161.5
4167.72
4174.6
4180.77
4186.62
4191.8
4198.22
4203.67
4209.5
4215.22
4220.75
4225.87
4230.95
4236.42
4242.42
4248.1
4253.4
4259.02
4264.17
4269.32
4274.72
4280.12
4285.45
4290.75
4296.17
4301.42
4306.92
4312.12
4317.35
4363.95
4370.92
4376.9
4382.27
4387.9
4393.5
4398.85
4404.1
4409.55
4415.02
4420.07
4425.57
4430.97
4436.4
4442.57
4448.05
4453.75
4459.27
4465.22
4470.7
4476.2
4481.52
4486.8
4492.32
4497.6
4503.02
4508.27
4513.75
4519.27
4525.9
4576.12
4583.05
4589.22
4594.87
4600.6
4606.32
4611.37
4616.82
4622.77
4627.52
4632.82
4638.4
4643.95
4649.2
4654.3
4659.35
4664.62
4669.95
4675.22
4680.37
4685.6
4690.9
4696.5
4702.27
4707.32
4713.22
4719
4724.15
4729.65
4781.62
4788.32
4794.3
4799.85
4806.15
4811.72
4817.52
4823.32
4828.87
4834.4
4840.07
4845.4
4850.5
4855.55
4860.85
4866.47
4871.62
4877.4
4882.5
4887.5
4892.7
4897.92
4903.1
4908.15
4913.77
4919.3
4924.95
4930.65
4936.47
4987.05
4993.7
5000.32
5006.87
5012.8
5018.67
5023.97
5029.05
5035.02
5040.47
5046
5050.95
5055.9
5060.95
5066.12
5071.52
5076.92
5082.2
5087.65
5092.65
5098.07
5103.7
5109.4
5114.77
5119.72
5124.62
5129.75
5135.02
5140.47
5148.2
5196.1
5202.87
5208.77
5215.02
5221.15
5226.65
5232.35
5237.72
5242.97
5248
5253.85
5259.5
5264.97
5269.95
5275.05
5280.7
5286.52
5292.22
5297.55
5302.3
5307.67
5313.47
5319.07
5324.92
5329.8
5335.32
5340.82
5346.07
5353.37
5397.9
5404.87
5411.35
5417.45
5423.3
5429.25
5434.87
5440.12
5446.12
5451.67
5457.6
5463.55
5469.12
5474.47
5480.15
5485.67
5490.95
5496.57
5501.82
5507
5512.2
5517.77
5523.47
5528.52
5533.7
5539.02
5545.12
5551.27
5557.32
5600.72
5608.1
5613.97
5620.5
5626.75
5632.3
5638
5643.37
5649.47
5655.2
5661.15
5666.2
5671.82
5677.4
5682.8
5688.35
5693.6
5699.35
5704.75
5709.82
5714.62
5720.07
5725.2
5730.37
5735.22
5740.55
5745.77
5751.02
5757.9
5766.17
5810.22
5816.62
5822.45
5827.97
5833.9
5839.85
5845.05
5850.45
5856.2
5861.4
5866.72
5872.7
5878.62
5883.9
5889.5
5895
5900.35
5905.55
5911.07
5916.62
5921.72
5927.17
5932.22
5937.52
5942.7
5947.7
5952.85
5957.62
5966.12
5972.6
6014.45
6021.75
6027.77
6033.37
6038.47
6044.82
6050.95
6056.27
6062.15
6067.27
6072.77
6077.92
6083.37
6088.92
6094.8
6099.95
6105.3
6110.9
6115.7
6121.07
6126.07
6131.07
6136.3
6142.35
6148.3
6153.47
6159
6164.52
6172.77
6219.3
6225.8
6233.4
6239.72
6245.8
6251
6256.7
6262
6267.37
6272.47
6278.27
6283.7
6289.42
6294.62
6299.9
6305.25
6310.5
6315.6
6321.32
6326.82
6332.15
6337.5
6342.92
6348.57
6353.8
6358.82
6364.95
6370.3
6378.92
6426.82
6434.22
6440.55
6446.45
6451.9
6457.3
6462.9
6468.65
6474.22
6479.8
6485.27
6490.42
6496.12
6501.5
6506.8
6512.27
6517.55
6523.82
6529.47
6535.07
6540.25
6545.92
6551.12
6556.32
6561.45
6567.62
6573.27
6579.65
6586.8
6631.65
6638.5
6644.6
6650.5
6656.92
6662.55
6668.2
6673.52
6678.3
6684.12
6689.72
6694.82
6700.2
6705.85
6711.45
6716.65
6722.17
6727.37
6732.82
6737.7
6742.75
6747.67
6752.57
6757.52
6762.45
6767.07
6772.25
6777.4
6782.67
6790.92
6841.1
6848.37
6854.37
6860.62
6867.3
6873.25
6878.52
6884.27
6889.87
6895.55
6900.65
6905.97
6911
6915.92
6920.87
6925.92
6931.3
6936.45
6942.07
6947.65
6953.02
6958.17
6964.1
6969.67
6974.8
6980.3
6985.42
6991.6
6997.75
7041.8
7048.32
7054.6
7059.92
7066.2
7072.77
7078.1
7083.8
7089.52
7094.77
7099.77
7104.97
7110.35
7115.85
7121.27
7126.97
7132.45
7137.97
7143.32
7148.3
7153.25
7158.17
7163.47
7169.12
7174.52
7179.8
7185.25
7190.37
7196.77
7203.92
7249.72
7255.87
7262.62
7268.72
7274.92
7280.57
7286.15
7291.67
7297.57
7303.15
7308.8
7314.6
7319.67
7324.92
7330.67
7335.75
7340.77
7346.05
7351.37
7356.57
7362
7368.02
7373.42
7378.65
7383.95
7389.1
7394.57
7400
7407.22
7455.35
7463.57
7469.6
7475.45
7481.55
7487.22
7492.6
7498.05
7503.37
7508.52
7514.2
7519.62
7524.82
7530.05
7535
7540.52
7545.65
7551.27
7556.65
7562.32
7568.05
7573.42
7578.75
7584.12
7589.6
7594.82
7599.8
7604.92
7611.52
7618.75
7660.95
7667.45
7673.05
7678.87
7684.6
7691
7697.1
7702.55
7707.77
7713.37
7718.9
7724.47
7729.62
7735.07
7740.12
7745.55
7751.62
7757.12
7762.85
7768.77
7774.32
7779.37
7785.17
7790.37
7796
7801.7
7806.82
7812.52
7819.62
7870.1
7876.45
7882.5
7888.22
7893.32
7899.07
7904.77
7910.4
7915.42
7920.77
7926.15
7932.02
7937.95
7943.62
7949.15
7954.55
7959.62
7964.65
7969.97
7975.37
7980.62
7986.07
7991.47
7996.92
8002.17
8007.57
8012.4
8017.7
8024.57
8032.07
8073.85
8080.12
8087.3
8093.55
8099.72
8105.67
8111.35
8117.17
8122.85
8128.2
8133.72
8138.92
8144.27
8149.65
8155.02
8160.57
8166.07
8171.17
8176.3
8181.85
8187.27
8192.32
8198.25
8203.9
8209.42
8215.37
8220.72
8227.05
8235.02
8276.35
8283.42
8289.65
8295.77
8301.62
8307.47
8312.85
8318.15
8323.8
8329.45
8335.05
8340.5
8345.67
8350.55
8356.1
8361.52
8366.62
8372.47
8377.82
8383.27
8388.6
8393.62
8399.12
8404.42
8409.57
8414.82
8419.9
8424.87
8430.32
8438.07
8485.67
8492.4
8498.6
8504.95
8510.6
8516.52
8522.27
8527.72
8532.85
8537.85
8543.8
8549.37
8554.77
8560.42
8565.77
8571.25
8576.7
8582.22
8587.65
8592.85
8597.97
8603.3
8608.25
8614.02
8619.75
8625.15
8630.8
8636.3
8642.95
8685.62
8692.45
8699.3
8705.37
8711.15
8716.85
8723
8728.5
8734.4
8740.05
8745.6
8751.05
8756.67
8761.9
8767.15
8772.47
8777.97
8783.12
8788.35
8793.87
8798.97
8804.32
8809.4
8814.17
8819.32
8825.05
8830.7
8836.2
8841.37
8848.77
8898.87
8905.07
8911.17
8916.95
8922.67
8928.45
8934.37
8940.05
8945.9
8951.97
8957.72
8963.17
8968.5
8974.05
8979.72
8984.65
8989.95
8995.52
9000.92
9006.05
9011.4
9016.55
9021.65
9027
9032.12
9037.27
9042.32
9047.57
9054.82
9103.32
9110.6
9116.7
9122.4
9127.9
9133.8
9138.92
9144.25
9149.82
9155.1
9160.65
9166.25
9171.32
9176.42
9181.85
9187.32
9192.75
9198.67
9204.4
9209.75
9215.17
9220.62
9225.65
9230.75
9237.05
9242.27
9247.27
9252.42
9259.25
9266.5
9313.12
9319.82
9325.85
9331.9
9337.4
9342.85
9348.4
9354.15
9359.57
9365.27
9370.67
9376.37
9382.05
9387.35
9392.5
9397.82
9403.12
9408.72
9414.25
9419.25
9424.37
9429.82
9435.07
9440.52
9446
9451.47
9457.22
9462.95
9469.72
9515.57
9522.35
9528.55
9534.3
9540.3
9545.9
9551.52
9557.15
9563.02
9568.55
9574.27
9580.02
9585.72
9591.4
9596.75
9602.05
9607.67
9612.72
9617.7
9622.97
9628.22
9633.42
9638.98
9644.15
9650.28
9655.58
9661.08
9666.65
9674.83
9722
9728.28
9734.43
9740.2
9745.88
9751.98
9758.33
9763.73
9769.53
9774.9
9780.2
9785.58
9791.33
9797.33
9802.8
9808.2
9813.93
9819.58
9824.98
9830.63
9836.15
9841.55
9847.13
9852.7
9858.4
9863.45
9868.73
9875.35
9883.48
9922.28
9928.5
9935.45
9942.2
9948.8
9954.08
9959.78
9965.35
9971
9976.33
9981.23
9986.53
9991.98
9996.9

