44.45
51.475
57.875
63.6
69.675
75.025
80.75
86.475
92.3
97.6
103.275
109.55
115.15
120.375
125.625
130.825
136.7
142.4
147.9
153.375
159.1
164.5
170
175.65
181.225
186.725
191.775
197.45
202.8
208.35
253.5
260.525
266.775
272.85
278.7
283.875
289.25
295.025
300.725
306.75
312.25
317.525
322.675
328.15
333.175
338.475
343.8
349.6
355.075
360.625
366.075
371.725
376.775
381.975
387.325
392.225
397.35
402.7
408.25
458.325
465.15
471.025
476.775
482.2
488.15
494
499.85
505.475
511.925
517.225
522.5
527.7
532.575
538.25
544.225
550.3
555.475
560.55
565.175
570.975
576.875
581.95
586.95
592
597.075
602.2
607.75
613.1
662.65
669.075
674.45
679.825
685.25
690.625
696.25
702.1
708.05
713.9
719.3
724.625
729.625
734.525
739.875
745.1
750.425
755.65
761.3
766.675
772.6
777.95
783.2
788.575
794.125
799.675
804.6
809.7
815.025
820.025
865.675
873.125
880.25
886.425
891.775
897.3
902.85
908.425
913.6
918.925
924.225
929.75
934.925
940.375
945.6
951
955.95
960.825
966.3
971.775
977.05
982.4
988
993.075
998.25
1003.65
1008.88
1014.38
1019.88
1025.6
1074.3
1081.58
1088.08
1094.03
1099.83
1105.15
1110.8
1116.33
1121.98
1127.48
1133.38
1138.98
1144.38
1150.38
1156.1
1161.53
1167.1
1172.45
1177.83
1182.85
1187.58
1192.38
1197.88
1203.25
1208.28
1213.35
1218.98
1224.7
1229.8
1278.33
1285.23
1292.03
1298.35
1304.25
1310
1315.15
1320.53
1325.53
1330.18
1335.68
1340.95
1346.6
1352.18
1357.58
1362.8
1367.4
1372.55
1377.53
1382.38
1387.53
1392.8
1398.2
1403.38
1408.35
1413.63
1418.83
1424.08
1429.1
1434.63
1486
1492.08
1498.4
1504.35
1510.25
1516.03
1521.5
1526.9
1532
1537.33
1542.4
1547.68
1552.5
1557.85
1563.1
1568.33
1573.7
1579.03
1584.05
1589.35
1595.15
1601.33
1606.53
1611.5
1617.1
1622.38
1627.9
1633.28
1638.65
1644.38
1690.78
1697.1
1703.08
1709
1714.85
1720.7
1725.93
1731.55
1737.2
1742.53
1747.95
1753.4
1759.05
1764.5
1770.45
1776.28
1781.8
1786.9
1792.2
1797.9
1803.15
1808.53
1813.43
1818.83
1823.75
1829.13
1834.35
1839.25
1844.35
1894.38
1901.53
1907.6
1913.45
1919.05
1924.05
1929.13
1934.48
1940.2
1945.18
1950.35
1955.85
1960.83
1966.48
1971.83
1977.45
1982.93
1988.78
1993.78
1998.75
2003.7
2009.28
2014.25
2019.88
2025.4
2031.3
2036.83
2042.08
2047.75
2052.93
2097.98
2104.05
2110.13
2116.4
2121.75
2127.45
2132.7
2138.15
2143.8
2149.4
2155.05
2161.05
2167
2172.5
2177.93
2183.53
2188.95
2194.45
2199.8
2205.03
2210.33
2215.78
2221.43
2226.65
2231.83
2237.05
2242.1
2247.58
2253.13
2258.45
2307.8
2314.88
2321.7
2328.23
2334.3
2339.8
2345.13
2350.38
2355.68
2361.05
2366.25
2372.05
2377.6
2382.98
2388.4
2393.55
2398.78
2404.05
2409.38
2414.88
2420.02
2425
2429.97
2435.22
2440.05
2445.35
2450.7
2456.22
2461.35
2466.45
2514.65
2521.42
2527.4
2533.72
2539.55
2545.47
2551.2
2556.75
2562.25
2567.4
2572.5
2577.42
2582.75
2588.05
2593.3
2598.15
2603.1
2608.3
2613.42
2618.77
2624.1
2629.4
2635
2640.47
2645.5
2650.72
2656.07
2661.1
2665.97
2671.67
2718.52
2726.55
2733.05
2739.07
2745.02
2750.67
2756.27
2762.17
2767.72
2773.05
2778.62
2784.9
2790.57
2796.12
2801.7
2807.2
2812.9
2818.15
2823.22
2828.37
2833.87
2839.3
2844.7
2850.32
2855.62
2861.05
2866.15
2871.2
2876.55
2883.5
2925.4
2932.2
2938.57
2944.3
2950.02
2955.82
2961.52
2967.02
2972.85
2978.7
2983.75
2989.62
2994.95
3000.62
3005.9
3010.9
3016.22
3021.35
3026.7
3031.97
3036.92
3041.72
3046.9
3052.12
3057.4
3062.37
3067.65
3072.55
3078.15
3083.17
3127.62
3134.3
3140.97
3147.25
3153.45
3159.4
3165.07
3170.55
3176.47
3182.55
3188.02
3193.25
3198.8
3204.5
3209.8
3214.67
3219.75
3225.07
3230.17
3235.9
3240.92
3246.47
3251.77
3257.4
3263.05
3268.57
3273.47
3278.87
3284.17
3289.3
3340.25
3347.02
3353.5
3359.55
3364.62
3370.25
3376.05
3381.8
3387.15
3392.5
3397.9
3403.6
3409.12
3414.4
3419.82
3425.37
3430.87
3436.2
3441.7
3446.77
3452.07
3457.67
3463
3468.27
3473.47
3478.5
3483.67
3489
3494.72
3549.17
3556.45
3562.65
3568.17
3574.27
3580.02
3585.42
3590.67
3596.65
3602.15
3607.62
3613.62
3619.2
3624.77
3631.02
3636.4
3641.57
3646.77
3652.22
3657.47
3662.95
3668
3673.2
3678.47
3683.65
3688.9
3694.25
3699.85
3751.6
3758.6
3764.52
3770.05
3775.7
3780.82
3787.12
3792.47
3797.9
3803.45
3809.12
3814.37
3819.62
3825.12
3830.55
3835.72
3840.77
3846.22
3852.15
3857.32
3863.22
3868.57
3873.47
3879.02
3884.37
3889.37
3895.07
3900.27
3905.55
3954.75
3962.37
3968.2
3974.32
3980.07
3985.2
3990.77
3996.8
4002.52
4007.92
4013.35
4019.45
4024.7
4029.75
4035.47
4040.57
4046.2
4050.97
4056.27
4061.75
4067.72
4073.57
4079.35
4085.2
4090.57
4096.07
4101.45
4106.82
4112.4
4162.27
4168.67
4174.2
4179.62
4185.57
4191.35
4197
4203.1
4208.57
4214.3
4220.15
4225.67
4231.25
4236.55
4242.22
4247.42
4253.15
4258.55
4263.9
4268.9
4274.37
4280.2
4285.82
4291.57
4296.92
4302.25
4308.02
4313.65
4319.27
4366.3
4373.9
4380.65
4386.3
4393.17
4399.15
4405.35
4411.3
4416.72
4421.35
4426.57
4431.7
4437.35
4442.92
4448.1
4453.37
4458.9
4464.8
4470.52
4475.87
4481.22
4486.6
4491.9
4497.07
4502.55
4508.27
4513.7
4519.25
4528
4573.95
4582.35
4588.5
4595.05
4601.17
4607.22
4612.57
4618.22
4623.57
4629
4634.55
4640.17
4645.67
4650.75
4656.17
4661.27
4666.92
4672.47
4678
4683.42
4688.72
4694.2
4699.52
4705.1
4710.12
4715.15
4720.17
4725.32
4732
4781.22
4787.32
4793.35
4799.55
4804.87
4809.82
4815
4820.05
4825.82
4832.02
4837.75
4843.65
4849.22
4854.77
4860.92
4866.4
4871.67
4876.6
4882.1
4886.95
4892.37
4897.95
4903.42
4908.7
4914.05
4919.47
4925.1
4930.3
4935.75
4947.3
4985.15
4991.22
4997.17
5003.7
5009.92
5015.75
5021.7
5027.55
5032.87
5038
5042.8
5048
5052.95
5057.97
5063.12
5068.37
5073.92
5079.4
5084.5
5089.57
5094.65
5100.17
5105.4
5110.42
5115.85
5120.95
5125.92
5131.02
5136.05
5141.42
5147.67
5196.77
5203.1
5209.02
5215.3
5221.07
5226.87
5232.62
5239.17
5245.22
5251.22
5257.55
5263.05
5268.5
5273.82
5279.27
5284.3
5289.45
5294.72
5299.62
5304.52
5309.25
5314.27
5319.45
5324.57
5329.82
5334.97
5340.3
5345.57
5353.22
5402.62
5410
5416
5421.92
5427.72
5433.45
5439.62
5446.05
5451.72
5457.6
5463.27
5468.6
5474.4
5479.72
5485.1
5490.17
5495.4
5500.62
5505.85
5511.32
5517.55
5523
5528.17
5533.87
5539.17
5544.45
5549.97
5556.87
5603.2
5609.55
5615.62
5622.07
5627.4
5632.6
5638.02
5643.22
5648.85
5654.65
5660.27
5665.85
5671.15
5676.37
5681.8
5686.82
5692.05
5697.47
5702.92
5708.12
5713.5
5718.47
5723.4
5728.77
5733.7
5738.92
5744.1
5749.32
5754.92
5762.05
5808.52
5815.6
5822.02
5828.45
5834.7
5840.25
5845.47
5851.45
5857.62
5863.35
5868.77
5874.17
5879.25
5884.37
5889.35
5894.25
5899.12
5904.6
5909.95
5915.25
5920.62
5925.55
5930.62
5935.85
5940.8
5945.95
5950.92
5956.15
5962.35
5969.85
6011.77
6018.35
6024.55
6030.1
6035.87
6041.32
6046.95
6051.9
6057.42
6062.97
6068.65
6074
6079.4
6084.72
6090.22
6096.02
6101.35
6106.6
6112
6117.22
6122.25
6127.87
6133.05
6138.37
6144.22
6150.17
6155.9
6161.47
6168
6174.55
6219.97
6227.17
6233.15
6239.12
6244.9
6250.17
6255.55
6261.27
6267.2
6273.12
6278.67
6283.87
6289.2
6295.2
6300.12
6305.4
6310.7
6316
6321.75
6327.75
6333.72
6339.12
6344.87
6350.57
6356.22
6361.1
6366.12
6371.17
6379.1
6423.2
6430.15
6437.07
6443.4
6448.8
6454.57
6460.05
6465.35
6470.87
6476.67
6482.17
6487.6
6492.97
6498.5
6503.32
6508.15
6513.27
6518.7
6524.47
6530.12
6535.12
6539.85
6544.87
6549.87
6555
6560.55
6565.42
6571.27
6576.92
6585.7
6633.02
6639.65
6646.07
6651.92
6657.67
6664.4
6670.05
6675.57
6681.22
6686.57
6692.17
6697.47
6703.05
6708.17
6713.67
6719.42
6724.8
6730.17
6735.25
6740.97
6746.82
6752.02
6757
6762.32
6767.62
6773.12
6778.25
6783.8
6790.9
6835.95
6844
6850.8
6857.3
6863.47
6869.42
6874.62
6880.02
6885.5
6890.82
6895.57
6900.47
6905.47
6911.2
6916.65
6921.67
6927.6
6933.55
6939.12
6944.5
6949.97
6955.17
6960.35
6965.6
6970.72
6976.27
6981.42
6986.55
6994.05
7001.85
7043.97
7050.87
7057.47
7063.22
7069.25
7074.95
7080.85
7086.27
7091.97
7097.07
7102.6
7108.07
7113.37
7118.72
7124.22
7129.62
7134.87
7140.67
7145.97
7151.65
7156.77
7162.02
7167.62
7172.77
7178.02
7183.05
7188
7192.72
7201.27
7250.5
7257.42
7263.92
7269.77
7275.72
7281.12
7286.4
7291.7
7297.05
7302.75
7308.12
7313.52
7319.17
7325.42
7330.82
7336.5
7342.27
7347.95
7353.57
7359.1
7364.7
7370.2
7375.55
7381.12
7386.52
7391.87
7396.95
7403.87
7411.35
7453.77
7460.7
7467.97
7473.55
7479
7484.62
7490.55
7496.35
7501.82
7506.8
7511.9
7517.05
7522.87
7527.87
7532.9
7538.32
7543.92
7549.1
7554.72
7560.32
7566.1
7571.47
7576.75
7581.82
7586.9
7592.52
7598.5
7603.62
7610.62
7617.85
7660.95
7668.8
7675.95
7681.5
7686.95
7692.15
7697.8
7703.3
7708.97
7714.52
7721.02
7726.77
7732.07
7737.7
7743.1
7748.42
7753.72
7758.92
7764.42
7769.52
7775.3
7781.2
7786.95
7792.35
7797.15
7802.42
7807.62
7813.25
7820.02
7869.37
7876.77
7883.17
7889.75
7896.32
7902.02
7907.75
7913.37
7918.77
7924.4
7929.8
7935.3
7940.35
7946.52
7952.1
7957.2
7962.42
7967.62
7972.92
7978.07
7983.2
7988.27
7993.67
7999.35
8004.62
8009.97
8015.97
8021.22
8029.22
8074.62
8082.15
8089.02
8095.52
8101.3
8107.15
8112.82
8118.35
8123.47
8128.97
8134.45
8139.77
8144.8
8149.85
8155.05
8160.65
8166.07
8171.5
8177.02
8182.85
8188.27
8193.52
8199.17
8204.92
8210.65
8215.77
8221.02
8227.52
8234.32
8276.82
8283.47
8290.15
8296.2
8302.25
8308.05
8313.32
8318.67
8324.52
8329.95
8335.42
8340.47
8345.92
8351.15
8356.4
8361.22
8366.25
8370.97
8376.07
8381.1
8386.52
8391.62
8397.27
8402.8
8407.95
8413.52
8418.55
8424.85
8431.37
8439.3
8485.1
8490.92
8496.92
8503.22
8509.3
8514.92
8520.05
8525.17
8530.55
8535.97
8541.72
8547.37
8552.67
8558.1
8563.52
8568.95
8574.02
8579.4
8585.05
8590.45
8595.57
8600.97
8606.17
8611.65
8616.72
8622.07
8627.27
8632.5
8639.6
8647.2
8688.05
8696.2
8702.2
8708.27
8714
8719.52
8724.97
8730.22
8735.72
8741.2
8746.52
8752.2
8757.47
8762.75
8767.9
8773.22
8779.05
8784.37
8789.55
8794.32
8799.3
8804.42
8809.8
8815.22
8820.3
8825.37
8830.47
8835.25
8840.2
8847.55
8854.77
8896.12
8904.2
8910.35
8917.02
8922.85
8928.77
8934.6
8940.87
8946.02
8951.4
8956.22
8962.1
8967.42
8972.82
8978.35
8983.4
8988.97
8994.12
8999.27
9004.45
9010.07
9015.47
9021.52
9027.47
9032.55
9037.67
9042.75
9048.22
9055.9
9102.12
9108.67
9114.15
9119.8
9125.85
9131.37
9137.02
9142.22
9148.22
9153.45
9158.92
9164
9169.35
9174.6
9179.7
9184.92
9190.15
9195.17
9200.5
9205.82
9211.22
9216.95
9222.32
9228.05
9233.37
9238.65
9244
9249.25
9254.67
9262.7
9309.55
9316.8
9322.62
9328.8
9334.5
9340.22
9345.8
9351.22
9356.75
9362.9
9368.32
9373.47
9378.8
9384.07
9389.67
9395.3
9400.82
9405.72
9411
9416.1
9421.37
9427.07
9432.4
9437.9
9443.35
9448.95
9454.3
9459.85
9467.02
9513.57
9521.12
9527.4
9534.02
9539.55
9545.02
9550.45
9556.02
9561.5
9566.82
9572.62
9578.27
9583.27
9588.72
9594.52
9599.57
9604.52
9609.5
9615
9620.47
9625.75
9631.3
9636.98
9642.6
9647.8
9653
9658.25
9664
9671.83
9679.38
9721.93
9728.38
9733.93
9739.73
9745.15
9750.7
9756.65
9761.98
9767.43
9772.58
9777.55
9782.35
9787.93
9793.15
9798.48
9803.58
9808.6
9813.63
9819.13
9824.53
9829.83
9835.13
9840.68
9845.68
9850.75
9856
9861.48
9866.85
9872.48
9880.78
9925.85
9932.35
9939.08
9944.8
9950.23
9955.58
9961.13
9966.65
9972.33
9977.78
9982.83
9988.15
9993.6
9999.58

