43.975
51.975
58.3
64.275
70.15
75.575
81.15
86.325
91.325
96.6
102.075
107.125
112.875
118.525
123.9
129.25
134.475
140.425
145.85
152.05
157.5
162.925
167.775
173.15
178.675
183.825
189.4
194.925
200
205.375
253.75
261.05
267.15
273.25
279.525
285.125
290.45
295.8
301.45
306.425
311.8
317.325
322.625
327.825
333.6
338.975
344.175
349.425
354.9
360.125
365
370
374.95
380.075
385.375
391
395.9
401.125
406.95
412
454.65
461.55
468
473.5
479
485.05
490.675
496.575
502.575
508.225
513.725
519.15
524.65
529.9
535.45
540.6
545.625
550.825
556.5
562.425
568.125
573.4
579.375
585.175
590.95
596.2
602
607.875
613.95
663.45
669.9
675.125
680.9
686.45
692
697.65
703.325
708.225
713.05
718.3
723.6
728.925
733.975
738.825
743.75
748.7
753.925
759.275
764.425
769.475
774.725
779.9
785.325
790.9
796.175
800.975
805.75
810.65
816.075
821.35
864.125
870.275
876.275
882.525
888.775
894.975
901.175
906.525
911.45
917.375
923.125
928.5
933.8
939.175
944.425
950.525
956.55
962.475
967.875
973.2
978.425
983.725
989.225
994.675
1000.03
1005.6
1010.73
1015.6
1020.83
1026.13
1072.38
1079.5
1085.35
1091.08
1096.75
1103.18
1108.75
1114.13
1119.95
1125.4
1131.6
1137.15
1142.23
1147.8
1153.4
1158.78
1163.78
1169.38
1174.68
1180.35
1185.45
1190.85
1195.88
1201.03
1206.3
1211.63
1216.53
1221.48
1226.58
1231.8
1278.18
1284.68
1290.63
1295.9
1301.3
1307.15
1313.25
1318.48
1324
1329.18
1334.58
1340.3
1345.75
1351.33
1356.35
1361.98
1367.5
1372.63
1377.78
1383.6
1388.93
1393.73
1398.83
1403.95
1408.73
1413.5
1418.88
1424.33
1430.58
1435.9
1481.43
1487.95
1493.73
1499.63
1505.43
1510.88
1516.15
1521.25
1526.73
1531.9
1537.15
1542.48
1547.6
1552.93
1558.45
1563.85
1569.3
1574.35
1579.83
1584.93
1590.58
1595.7
1600.75
1605.9
1611.23
1616.45
1622.18
1627.63
1633.38
1638.55
1643.7
1686.75
1693.78
1700.13
1705.68
1711.35
1716.55
1722.15
1727.88
1733.45
1739.43
1745.35
1750.8
1756.1
1761.2
1766.58
1771.88
1777.18
1782.18
1787.13
1792.08
1797.45
1803.1
1808.43
1814.25
1819.7
1825.28
1830.83
1836.08
1841.7
1847.48
1890.65
1897.75
1904.03
1909.7
1914.93
1920.38
1925.33
1931
1936.43
1941.5
1946.93
1952.95
1958.5
1963.78
1969.2
1974.45
1980.1
1985.63
1991.18
1997.05
2002.23
2008.08
2013.48
2018.75
2023.53
2028.6
2033.8
2038.48
2043.5
2048.65
2054.3
2100.1
2106.9
2113.35
2119.13
2125.13
2131.18
2136.5
2142.48
2147.85
2153.8
2159.5
2165.18
2170.68
2176.08
2181.9
2187.03
2192.45
2197.43
2203.43
2209.18
2215.08
2220.65
2226.08
2231.43
2236.98
2242.35
2247.53
2252.78
2257.85
2263.2
2304.35
2310.95
2317.45
2323.2
2329.1
2334.53
2339.88
2345.6
2351
2356.7
2362.25
2367.53
2372.85
2377.75
2382.95
2388.28
2393.58
2399.38
2404.3
2409.9
2415.5
2420.82
2426.02
2431.05
2436.42
2441.42
2446.47
2451.67
2457.07
2462.12
2467.2
2512.77
2520.32
2527.22
2533.62
2539
2544.65
2550.62
2556.12
2561.4
2566.37
2571.4
2577
2583.02
2589.12
2595.35
2600.92
2607.05
2612.7
2617.92
2622.92
2628.3
2633.8
2639.27
2644.22
2649.32
2654.72
2660.55
2666.07
2671.12
2722.6
2729.77
2735.72
2741.97
2747.42
2753.02
2758.22
2764.05
2769.4
2774.92
2780.7
2786.45
2791.87
2797.05
2802.1
2807.52
2812.55
2818.1
2823.47
2828.82
2833.77
2839.17
2844.9
2850.2
2855.42
2861.02
2867.25
2872.37
2878.07
2926.85
2934.3
2940.75
2946.35
2951.27
2956.65
2962.7
2968.1
2973.37
2978.72
2984.1
2989.25
2994.37
3000.27
3005.35
3010.52
3015.75
3020.7
3026.02
3031.45
3037.12
3042.45
3047.42
3052.17
3057.55
3062.65
3068
3072.97
3078.72
3083.85
3133.27
3140.07
3146.32
3152.47
3157.92
3164.05
3169.4
3175.35
3180.55
3186.02
3191.2
3196.52
3201.75
3207.52
3212.97
3218.2
3223.65
3229.52
3234.82
3240.7
3246.17
3251.82
3257.52
3262.97
3268.2
3273.35
3278.87
3284.6
3289.82
3339.1
3345.47
3351.77
3357.47
3363.1
3368.9
3375.1
3380.87
3386.02
3391.1
3396.9
3402.37
3407.6
3413.25
3418.27
3423.67
3429.35
3434.55
3439.82
3445.35
3451.15
3456.65
3461.85
3467.05
3472.35
3478.05
3483.15
3488.42
3493.97
3548.22
3554.1
3559.95
3565.67
3571.17
3576.77
3582.1
3587.5
3593.42
3598.65
3603.77
3609.17
3614.8
3620.12
3626.4
3631.97
3637.4
3642.65
3647.92
3653.7
3658.82
3663.6
3669.27
3674.55
3680
3685.47
3691
3696.85
3703
3748.62
3755.2
3761.4
3767.07
3772.52
3778.37
3784.2
3789.47
3794.62
3799.95
3805.17
3810.52
3815.6
3820.75
3826.2
3831.52
3837.27
3842.9
3848.05
3852.97
3858.37
3863.8
3869
3874.57
3880.02
3885.42
3890.4
3895.95
3901.27
3906.3
3957.2
3964
3969.8
3975.9
3981.82
3987.5
3993.3
3999.27
4005.17
4010.65
4016.02
4021
4026.37
4031.75
4036.85
4042.3
4047.67
4053.02
4058.2
4063.67
4069.37
4074.67
4079.8
4085.05
4090.12
4095.6
4100.9
4105.8
4111.05
4161.67
4168.3
4174.52
4180.45
4186.22
4191.67
4196.82
4202.1
4207.52
4213
4218.3
4223.72
4229.22
4234.95
4240.37
4246.47
4252.52
4258.25
4263.35
4268.25
4273.22
4278.12
4282.92
4287.52
4292.65
4297.6
4303.02
4308.5
4314.35
4363.85
4370.92
4376.6
4382.35
4388.12
4393.62
4399.82
4405.55
4411.17
4416.4
4421.85
4427.62
4433.2
4438.55
4443.75
4448.72
4454.25
4459.7
4465
4470.5
4475.55
4480.87
4486.4
4491.72
4497.02
4502.6
4508.5
4513.8
4518.9
4525.42
4575.97
4583.17
4589.22
4594.62
4600.37
4606.02
4611.6
4617.15
4622.27
4627.57
4633
4638.32
4643.67
4648.52
4653.6
4659.25
4664.22
4669.6
4674.85
4680.32
4686
4691.22
4696.3
4701.57
4706.85
4712.4
4717.62
4722.45
4727.75
4778.92
4785.52
4791.97
4798.27
4804.52
4810
4815.77
4821.15
4826.65
4831.87
4836.95
4842.22
4847.62
4853.12
4858.45
4863.5
4868.55
4873.8
4879.1
4884.47
4889.82
4894.77
4900.22
4905.82
4911
4915.87
4921
4926.2
4931.75
4937.3
4987.95
4994.67
5000.77
5006.72
5012.2
5017.75
5023.9
5029.6
5035.2
5040.52
5045.87
5051.35
5056.7
5062.45
5068
5073.75
5079.37
5084.75
5089.87
5095.2
5100.25
5105.07
5110.42
5115.5
5120.92
5126.22
5131.45
5136.55
5142.77
5150.42
5192.45
5198.97
5205.47
5211.6
5217.75
5223.32
5228.67
5234.3
5239.7
5245.2
5250.77
5255.85
5261.07
5266.22
5271.65
5276.87
5282.22
5287.82
5293.22
5298.55
5304.35
5309.42
5315.02
5320.47
5326.12
5331.35
5337.22
5342.65
5348.87
5355.7
5402
5409.1
5415.07
5421.02
5426.95
5432.5
5438.32
5443.9
5449.35
5455.07
5461.25
5466.45
5471.67
5476.97
5482.12
5487.72
5493.42
5498.45
5503.85
5509.3
5514.42
5519.77
5525.52
5530.8
5536.25
5541.42
5546.97
5553.57
5559.82
5603.77
5610.87
5617.6
5624.1
5629.65
5635.55
5641.1
5646.42
5651.92
5657.82
5663.32
5668.7
5674.25
5679.6
5685.3
5690.32
5695.27
5700.67
5706.17
5711.62
5716.97
5722.5
5727.87
5733.65
5738.85
5744.3
5749.9
5756.57
5762.95
5809.4
5816.5
5822.67
5828.6
5834.4
5840.45
5845.82
5851.37
5856.97
5862.5
5868.32
5873.9
5878.87
5884.12
5889.5
5895.07
5900.2
5905.85
5911.45
5917.05
5922.77
5928.35
5933.75
5939.17
5944.25
5949.47
5954.85
5960.72
5967.5
6016.02
6022.6
6028.82
6034.9
6040.52
6046.6
6052.25
6057.85
6063.27
6068.92
6074.47
6080.1
6085.32
6090.95
6096.57
6102.17
6107.6
6113.35
6118.95
6124.07
6129.7
6135.52
6140.57
6146.15
6151.47
6156.95
6161.8
6169.35
6177.15
6217.85
6226.75
6233.32
6239.42
6244.92
6250.95
6256.67
6262.45
6268.02
6273.17
6278.62
6283.95
6289.47
6295
6300.37
6305.37
6310.7
6315.8
6320.8
6326
6331.65
6337.1
6342.12
6347.37
6352.87
6357.97
6363.42
6368.77
6374.62
6381
6421.87
6428.82
6434.77
6440.52
6446.27
6451.87
6457.67
6464.2
6470.82
6476.37
6481.97
6487.75
6494
6499.25
6504.37
6509.37
6514.55
6519.67
6525
6530
6535.12
6540.52
6545.75
6551.15
6556.42
6561.85
6567.52
6572.97
6578.72
6587.77
6631
6639.07
6647.45
6653.42
6659.25
6665.9
6671.65
6677.17
6682.57
6688.02
6693.15
6698.4
6703.27
6708.62
6713.67
6718.6
6724.57
6730.6
6735.8
6740.55
6745.57
6750.65
6755.75
6761.32
6766.92
6772.4
6778.05
6783.52
6791.85
6835.82
6842.4
6848.17
6853.65
6859.77
6865.55
6870.8
6875.97
6881.3
6886.97
6892.2
6897.22
6902.42
6907.95
6913.92
6919.37
6924.57
6930.12
6935.52
6941.02
6946.4
6951.6
6956.92
6961.9
6966.9
6972.05
6977.27
6982.65
6988.55
6996.55
7042
7049.6
7057.12
7063.2
7069.35
7074.67
7080.47
7086.1
7091.22
7096.4
7101.95
7107.65
7112.97
7117.72
7123.05
7128.32
7134.12
7139.85
7144.95
7150.77
7156
7160.97
7166.07
7171.2
7176.4
7181.47
7186.32
7191.42
7197.67
7205.75
7248.25
7255.15
7261.62
7267.82
7273.45
7278.85
7284.62
7289.8
7295
7300.3
7305.85
7311.72
7317.05
7322.35
7327.52
7332.92
7338.05
7343.9
7349.52
7355.12
7360.67
7366.45
7371.85
7376.72
7381.97
7387.17
7392.27
7397.65
7404.82
7411.12
7454.65
7461.55
7468.57
7474.72
7480.15
7485.65
7490.95
7496.42
7501.42
7506.8
7512.1
7517.2
7522.92
7528.12
7533.5
7538.8
7544.6
7549.55
7554.92
7560.4
7565.47
7570.87
7576.5
7582
7587.3
7592.45
7597.9
7602.82
7608.17
7614.77
7661.35
7668
7674
7679.77
7685.7
7691.2
7696.52
7702.05
7708.12
7713.8
7719.22
7724.4
7729.9
7735.05
7740
7744.57
7749.52
7755.02
7759.97
7765.42
7770.42
7775.65
7781.12
7786.47
7791.75
7797.1
7802.3
7807.8
7813.52
7819.9
7827.05
7866.55
7873.62
7879.15
7885.42
7891.57
7897.07
7902.75
7908.45
7914.27
7919.92
7925
7930.32
7936.05
7941.72
7947.27
7952.95
7957.87
7963.1
7968.52
7973.7
7978.95
7984.27
7989.47
7994.67
8000.05
8004.92
8009.95
8014.8
8019.95
8027
8071.55
8078.7
8084.17
8090.17
8096.05
8101.7
8107.77
8113.15
8118.52
8124.62
8130.42
8135.8
8141.27
8146.72
8152.07
8157.9
8163.1
8168.45
8174.15
8179.15
8184.27
8189.72
8195.42
8200.62
8205.62
8210.7
8216.4
8222
8229.42
8237.82
8278.42
8285.27
8291.77
8297.35
8303.25
8308.77
8314.02
8319.57
8325.12
8330.67
8336.12
8341.1
8346.57
8351.75
8357.52
8362.67
8367.45
8372.82
8378.15
8383.87
8389.52
8394.72
8400.5
8405.77
8411.62
8417.05
8422.75
8428
8436.22
8483.12
8489.72
8496
8501.82
8507.25
8513.07
8518.67
8524.25
8529.9
8535.22
8540.65
8546
8552.22
8557.3
8562.72
8567.9
8573.6
8579.45
8585.15
8591.37
8597
8602.75
8608.02
8613.87
8619.67
8625.35
8631.3
8637.02
8644.25
8689.3
8695.65
8702.35
8708.5
8715.12
8721.1
8726.8
8732.95
8738.8
8744.05
8749.45
8754.85
8760.12
8765.5
8770.97
8776.15
8781
8786.35
8791.6
8796.72
8801.57
8806.8
8811.8
8817.05
8822.1
8827.35
8833.17
8839.07
8845.55
8852.95
8894.95
8902.6
8908.77
8914.72
8920.67
8926.32
8931.75
8936.95
8942.65
8948.07
8953.5
8958.52
8963.47
8968.4
8973.45
8978.55
8983.82
8989.35
8994.87
9000.25
9005.75
9011.42
9016.8
9022.65
9028
9033.45
9038.6
9043.8
9049.67
9057.92
9103.32
9110.17
9116.55
9122.5
9127.62
9134
9139.92
9145.7
9151.35
9156.9
9162.15
9167.27
9172.17
9177.12
9182.2
9187.52
9193
9198.52
9203.82
9208.62
9213.72
9219.02
9224.22
9229.25
9234.45
9240.12
9246.22
9251.42
9256.85
9263.37
9307.35
9313.5
9319.7
9325.52
9331.45
9337.5
9342.9
9348.32
9354.02
9359.8
9364.77
9370.45
9375.92
9380.87
9385.95
9391.4
9397.1
9402.12
9407.3
9412.42
9417.37
9422.75
9427.82
9432.95
9438.17
9443.35
9448.57
9453.92
9459.27
9466.67
9473.42
9513.62
9520.6
9529.05
9535.95
9541.75
9547.35
9552.85
9558.7
9564.57
9570.25
9575.6
9580.6
9585.82
9590.97
9596.45
9601.9
9607.25
9612.55
9617.77
9623.22
9628.85
9634.15
9639.88
9645.4
9650.88
9656.9
9662.5
9669.15
9675.93
9721.93
9728.93
9736.2
9742.2
9747.98
9753.33
9758.55
9764.05
9769.88
9775.25
9780.73
9786.38
9791.65
9796.98
9802.3
9807.23
9812.75
9818.05
9823.35
9829.2
9834.7
9840.35
9845.58
9850.65
9855.83
9861.18
9866.98
9872.08
9879.35
9926.35
9932.83
9940.4
9946.98
9953.03
9958.55
9963.85
9969.05
9974.6
9979.73
9984.95
9990.13
9995.4

