47.275
54.3
60.525
66.15
72.375
78.725
85.05
90.95
96.55
102
107.35
112.5
118
123.9
129.225
134.425
139.9
145
150.075
155.75
161.175
166.825
172.4
177.825
182.925
187.75
193.775
199.5
204.925
248.425
257.025
263.6
269.65
275.525
281.125
286.6
292.35
298.025
303.475
308.35
313.225
318.175
323.325
328.475
333.575
339.575
344.875
350.275
355.375
360.9
366.375
371.95
377.375
383
388.15
393.475
399.275
404.525
409.675
455.65
462.225
469.725
475.775
481.55
486.925
492.4
497.325
502.5
507.65
512.8
517.875
523.075
528.475
534.825
540.3
546.1
551.925
557.575
563.5
569.425
574.4
579.525
585.5
591.475
596.625
602.525
607.55
612.225
617.2
661.725
668.2
673.9
679.425
685.725
691.85
697.575
703.4
708.575
713.35
718.625
723.675
729.075
734.45
739.85
745.275
750.725
756.25
761.925
767.675
772.875
777.975
783.325
788.5
794.075
799.45
805.35
810.65
816.175
821.675
868.5
874.525
880.95
887.475
893.825
899.425
905.35
911.05
916.35
921.975
927.2
932.525
937.55
942.725
947.95
953.3
958.55
963.9
969.25
974.9
980.35
985.725
991.05
996.425
1001.88
1007.78
1013.3
1018.65
1024.25
1030.8
1076.23
1084.33
1090.48
1096.4
1102.55
1108.08
1114.03
1119.03
1124
1130
1134.93
1140.43
1145.75
1150.63
1155.85
1161.03
1166.23
1171.25
1176.85
1182.28
1188.4
1194.35
1200.03
1205.38
1211.28
1216.98
1222.53
1228.05
1277.9
1284.5
1290.73
1296.08
1302.1
1308.08
1313.73
1319.65
1325.38
1331.45
1337.03
1342.18
1347.45
1353.1
1358.4
1363.45
1368.65
1374.05
1379.53
1384.85
1389.9
1395.53
1400.7
1405.7
1411
1416.33
1421.65
1427.03
1432.7
1438.38
1484.25
1490.83
1497.25
1503.03
1508.55
1514.73
1520.4
1526.35
1531.75
1537.33
1542.53
1547.7
1553.28
1558.68
1564.15
1569.43
1575.23
1580.78
1585.85
1591.48
1596.7
1601.65
1606.8
1611.6
1616.68
1621.85
1627.35
1633.2
1638.55
1644.28
1687.35
1695.1
1701.68
1707.73
1714.03
1720.23
1726.05
1732.05
1737.88
1743.23
1748.78
1754.33
1759.75
1764.85
1770.5
1775.58
1780.65
1785.8
1792.05
1797.95
1803.43
1808.3
1813.23
1818.28
1823.45
1829
1834.2
1839.7
1845.15
1895.45
1902.38
1908.45
1914.45
1920.25
1925.53
1931.15
1936.6
1942.1
1947.78
1953.43
1958.65
1964.58
1970.38
1975.65
1980.5
1985.43
1990.53
1995.7
2001.03
2006.28
2010.98
2016.5
2021.63
2027.05
2032.3
2037.78
2042.73
2047.93
2053.13
2094.88
2102.2
2108.98
2114.6
2120.38
2125.65
2130.68
2135.9
2141.53
2147.08
2152.25
2157.6
2162.73
2168.15
2173.5
2179.23
2185.03
2190.75
2196.08
2201.4
2206.9
2212.08
2217.23
2222.55
2227.8
2233.55
2239.18
2244.08
2249.35
2254.2
2259.05
2305.53
2311.4
2317.93
2324.5
2330.48
2336.08
2341.4
2347.48
2353.08
2358.48
2363.98
2368.98
2374.03
2379.53
2385.28
2390.23
2395.25
2400.13
2405
2410.03
2414.98
2420.27
2425.57
2430.92
2436.47
2441.8
2447
2452.12
2457.32
2462.27
2467.3
2513.6
2520.15
2526.75
2532.75
2538.47
2544.25
2549.85
2555.4
2561.4
2566.85
2572.72
2578.45
2584.25
2589.65
2594.95
2600.12
2605.72
2611.02
2616.6
2622.2
2627.75
2633.5
2638.57
2644.27
2649.32
2654.65
2660
2665.35
2670.47
2677.27
2718.57
2726.72
2733.85
2739.35
2744.72
2750.62
2756.37
2762.05
2767.77
2773.22
2778.5
2783.85
2789.15
2794.3
2799.65
2804.77
2809.82
2814.9
2820.2
2825.9
2831.27
2836.7
2842
2847.62
2853.05
2858
2862.75
2868.05
2873.52
2879.3
2927.7
2934.65
2941.15
2947.3
2952.92
2958.42
2963.72
2969.2
2974.55
2980.15
2985.6
2991.1
2996.67
3001.37
3007.02
3012.4
3018.02
3023.1
3028.62
3033.77
3039.35
3045.05
3050.57
3055.8
3061.22
3066.15
3070.87
3075.95
3081.05
3086.67
3129.25
3136.67
3142.35
3148.02
3153.42
3159.25
3164.72
3170.57
3176.4
3181.92
3187.42
3193.12
3198.02
3203.35
3208.77
3214.47
3219.75
3225.07
3229.75
3234.77
3239.5
3244.37
3249.42
3255.17
3261.12
3266.6
3271.77
3277.5
3282.87
3288.17
3293.8
3340.45
3347.22
3353.65
3359.77
3365.67
3371.47
3376.95
3382.65
3387.85
3393
3398.02
3403.37
3408.97
3414.37
3420.22
3425.85
3431.22
3436.6
3442.1
3447.7
3453.1
3458.92
3464.32
3470
3475.47
3480.67
3485.77
3490.62
3496.12
3545.2
3552
3558.3
3564.57
3570.4
3575.9
3581.57
3587.27
3592.92
3598.95
3604.3
3609.65
3615.02
3620.47
3625.8
3631
3636.97
3642.62
3648
3653.37
3658.77
3664.22
3669.4
3674.75
3680.6
3686
3691.5
3696.62
3701.77
3750.6
3756.82
3762.55
3768.25
3774.3
3780.02
3785.77
3790.95
3796.35
3801.95
3807.9
3813.52
3819
3824.3
3829.75
3835.17
3840.1
3845.62
3850.77
3856.35
3861.52
3866.52
3872.1
3877.82
3883.55
3889.32
3894.82
3900.05
3905.07
3959.5
3966.1
3972.5
3978.32
3983.9
3989.82
3995.37
4000.57
4006
4011.6
4017.05
4022.35
4027.82
4033.42
4038.65
4044.3
4049.7
4054.85
4060.07
4064.82
4070.07
4075.5
4081.15
4087.27
4092.55
4097.67
4103.5
4108.62
4114.9
4157.9
4165.1
4170.95
4177.02
4182.8
4188.52
4194.12
4200.15
4205.75
4210.67
4215.47
4221.17
4226.65
4232.07
4237.42
4242.5
4247.82
4252.9
4257.95
4263.5
4268.77
4274.1
4279.25
4284.62
4290.05
4295.45
4300.5
4305.62
4310.67
4315.9
4367.95
4375.2
4381.87
4387.9
4393.57
4399.12
4404.15
4409.05
4414.3
4419.5
4424.52
4429.67
4434.62
4439.87
4445
4450.45
4455.82
4461.52
4467.1
4472.72
4478.77
4484.3
4489.67
4495.05
4500
4505.37
4511.12
4516.45
4522.2
4572.65
4580.15
4586.72
4592.6
4598.57
4604.05
4609.17
4614.77
4620.47
4625.65
4631.22
4636.47
4641.75
4647.2
4652.45
4657.27
4662.3
4668.02
4673.3
4678.65
4683.6
4688.8
4693.87
4699.37
4704.75
4710.3
4715.75
4721
4726.47
4739.15
4781.5
4788.3
4794.4
4800.35
4806.17
4812.4
4818.22
4823.32
4828.9
4834.42
4839.72
4844.97
4849.97
4854.9
4860
4865.07
4870.62
4876.17
4881.6
4887
4892.4
4898.1
4903.62
4908.72
4914.15
4919.85
4924.95
4930.12
4935.52
4948.9
4994.45
5001.22
5007.4
5012.9
5018.5
5024.15
5029.45
5034.62
5040.25
5045.5
5050.82
5055.82
5060.97
5066.67
5072.57
5077.62
5083.17
5088.05
5093.07
5098.4
5103.55
5109.2
5114.85
5120.05
5125.6
5130.55
5136.35
5142.42
5150.1
5194.32
5201.47
5208.42
5214.17
5219.62
5225.15
5230.52
5235.97
5242.02
5247.75
5253.7
5259.3
5264.72
5270.4
5275.82
5281.55
5286.65
5291.85
5297.45
5303.55
5308.77
5314.05
5319.3
5324.45
5329.57
5335.1
5340.8
5346.85
5353.82
5399.3
5405.9
5411.75
5417.62
5423.25
5428.9
5433.87
5439.35
5444.47
5450.27
5455.5
5460.7
5465.47
5470.75
5476.3
5481.3
5486.77
5492.15
5497.4
5502.65
5508.35
5513.82
5519.47
5524.8
5530.52
5536.5
5542.05
5547.37
5555.37
5562.77
5609.5
5616.77
5622.87
5628.77
5634.2
5639.32
5644.95
5650.25
5655.42
5661.05
5666.45
5671.45
5676.82
5682.45
5687.92
5693.45
5699.12
5704.57
5709.97
5715.02
5720.17
5725.42
5730.87
5736.57
5742.45
5747.92
5753.2
5762.85
5805.77
5812.8
5820.2
5826.77
5833.6
5839.35
5844.67
5850.02
5855.32
5860.55
5865.82
5871.1
5876.42
5882.02
5887.2
5892.75
5898.2
5903.5
5909.27
5914.5
5920.42
5925.32
5930.72
5935.87
5941.37
5946.82
5952.25
5957.52
5964.15
5970.8
6018.55
6024.57
6030.07
6036.02
6041.75
6047.3
6052.6
6058.2
6063.17
6068.15
6073.85
6079.55
6085.15
6090.8
6096.42
6101.45
6107.07
6112.75
6118.42
6123.55
6128.57
6133.97
6139.4
6144.35
6149.35
6154.42
6159.6
6165
6172.82
6218.57
6225.1
6231.55
6237.75
6243.6
6250.1
6255.47
6260.87
6266.35
6271.85
6276.97
6282.55
6287.57
6293.07
6299
6304.57
6310.5
6315.95
6321.52
6326.95
6332.57
6337.95
6343.42
6349.22
6354.85
6360.32
6365.55
6370.77
6379.07
6421.97
6429.05
6435.85
6442.2
6447.87
6453.92
6459.9
6465.05
6470.87
6476.37
6481.62
6486.85
6492.5
6497.62
6502.65
6508.25
6513.42
6518.9
6523.87
6528.8
6533.95
6538.92
6544.32
6549.25
6554.82
6559.87
6564.85
6570
6575.2
6584.42
6631.32
6637.95
6643.65
6649.1
6654.5
6660.32
6665.97
6671.62
6677.4
6683.27
6689.07
6694.6
6699.92
6705.47
6710.8
6716.27
6722.05
6727.57
6732.52
6737.67
6743.02
6748.72
6754.25
6759.57
6765.4
6770.92
6775.97
6781.12
6787.27
6794.6
6839.17
6845.72
6851.75
6857.05
6862.8
6867.82
6874.05
6879.75
6884.82
6890.67
6896.17
6901.97
6907.4
6912.75
6918.12
6924.02
6929.65
6935.2
6940.5
6945.8
6951.47
6957.42
6962.42
6967.6
6973.05
6978.55
6984.02
6989.17
6996.82
7044.02
7051.97
7058.52
7064.7
7070.22
7075.7
7081.55
7087.45
7092.8
7097.9
7103.45
7108.75
7114.07
7119.35
7125.12
7130.6
7136.22
7141.67
7146.87
7152.6
7158.12
7163.47
7169.1
7174.42
7179.62
7184.67
7190.05
7195.55
7203.02
7247.12
7254.77
7261.52
7267.07
7272.72
7278.82
7284.82
7290.4
7296.12
7301.97
7307.77
7313.17
7318.5
7323.6
7329.02
7333.97
7339.02
7344.2
7349.65
7354.75
7360.27
7365.3
7370.2
7375.75
7380.8
7386.02
7391.42
7397.35
7404.67
7411.95
7456.37
7463.05
7469.7
7475.12
7480.62
7486.02
7491.72
7496.85
7502.15
7507.67
7512.82
7518.2
7523.32
7528.57
7533.82
7539
7544.47
7549.42
7555.02
7560.62
7566.27
7571.92
7577.67
7583.05
7588.15
7593.65
7599.02
7604.12
7611.27
7617.97
7661.42
7668.25
7675.62
7681.92
7687.67
7693.1
7698.32
7703.75
7709.52
7714.95
7720.52
7725.52
7730.52
7735.65
7740.75
7745.97
7751.35
7756.3
7761.62
7766.67
7772.2
7777.55
7782.72
7787.8
7792.57
7797.42
7802.57
7807.82
7812.87
7819.67
7826.7
7865.62
7872.62
7878.97
7885.45
7891.07
7896.67
7902.05
7907.6
7912.57
7917.77
7923.22
7928.15
7933.25
7938.45
7943.8
7948.97
7954.35
7959.22
7964.47
7969.72
7975.62
7980.9
7986.1
7991.57
7996.97
8002.05
8007.57
8013.45
8018.8
8026
8032.85
8071.75
8078.07
8085.27
8091.92
8097.37
8103.5
8109.2
8114.7
8120.22
8125.97
8131.9
8137.02
8142.4
8147.65
8153.9
8159.95
8165.15
8170.1
8175.1
8180.2
8185.87
8191.9
8197.07
8202.3
8207.4
8212.65
8218.2
8224.32
8232.42
8277.47
8284.3
8290.22
8296
8301.82
8307.6
8313.5
8318.72
8324.17
8329.87
8335.02
8340.15
8345.25
8350.4
8355.72
8361.27
8366.32
8371.52
8376.92
8382.37
8388.22
8393.4
8399.02
8404.22
8409.47
8415.05
8420.32
8425.6
8431.85
8438.7
8484.77
8491.17
8497.1
8502.75
8508.17
8513.27
8518.65
8523.97
8529.17
8534.45
8540.27
8545.72
8551.02
8555.85
8560.97
8566
8571.42
8576.92
8581.95
8586.72
8591.72
8596.75
8602.07
8606.95
8612.05
8617.22
8622.4
8628.15
8633.37
8640.4
8647.15
8691.12
8698.32
8704.55
8710.67
8717.2
8722.82
8728.27
8733.75
8739.3
8744.77
8750.4
8755.72
8760.82
8766.15
8771.5
8777.12
8783.22
8788.62
8794.3
8799.85
8805.3
8810.92
8816.4
8821.65
8826.65
8831.65
8836.67
8842.2
8848.77
8855.3
8897.17
8904.05
8910.37
8916.45
8922.47
8928.15
8933.5
8938.9
8944.55
8950.37
8955.57
8961.1
8967.15
8972.17
8977.97
8983.55
8989.12
8994.5
8999.77
9005.27
9010.87
9015.87
9021.52
9026.8
9032.25
9038
9043.42
9048.85
9056.27
9106.22
9112.2
9117.87
9123.75
9129.05
9134.45
9139.65
9145.3
9150.65
9156.1
9162.17
9168.3
9173.87
9179.4
9184.7
9189.97
9195.32
9200.62
9205.55
9210.82
9216.7
9221.67
9226.77
9232.15
9237.27
9242.4
9247.42
9253.07
9260.77
9268.25
9309.52
9316.25
9322.95
9330.05
9336.45
9342.42
9348.15
9353.2
9358.8
9363.82
9369.07
9374.62
9380.55
9385.55
9390.87
9396.2
9402.05
9407.27
9412.92
9418.77
9424.17
9429.35
9434.87
9440.62
9446.05
9451.17
9456.3
9461.67
9469.85
9514.2
9521.25
9527.25
9533.1
9539.92
9545.67
9551.47
9557.1
9562.95
9568.22
9573.57
9578.3
9583.42
9588.85
9594.5
9600.72
9606.17
9612.12
9617.62
9622.97
9628.2
9633.97
9639.43
9644.63
9649.5
9654.98
9660.58
9665.83
9673.55
9721.7
9728.18
9734.03
9740.1
9746.45
9752.25
9757.85
9763
9768.5
9773.65
9779.15
9784.8
9790.45
9796
9801.63
9806.7
9812.6
9817.65
9823.33
9828.98
9834.23
9840.23
9845.45
9850.85
9855.83
9861.13
9866.18
9871.43
9878.18
9884.08
9930.68
9936.98
9943.93
9949.83
9955.35
9961.33
9966.58
9972.15
9977.28
9983.25
9988.65
9994
9999.43

