45.225
52.45
58.3
65.125
71.1
76.55
82.25
87.525
93.15
98.45
104.275
109.325
114.725
120.5
126.825
132.425
137.9
143.075
148.25
153.6
158.725
163.725
169.2
174.25
180.2
185.875
191.75
197.5
203.2
252.15
259.425
266.05
272.25
277.975
283.2
288.625
294.05
299.575
305.325
310.55
316.025
321.5
327
333.025
338.325
343.6
348.975
354.6
360.15
365.2
370.275
376.075
381.35
386.6
391.975
397.425
403.325
409.075
456.55
463
469.025
475.075
480.675
486.6
492.3
498.25
504.075
509.35
514.725
519.725
525.05
530.45
535.525
541
545.725
550.8
556.5
561.825
567.4
572.875
578.15
583.65
588.525
593.575
598.925
604.2
609.05
614.025
661.375
667.45
673.575
679.975
685.875
691.075
696.225
701.65
706.9
711.85
716.925
722.25
728
733.675
739.325
744.625
749.275
754.025
759.225
764.35
769.675
775.025
780.2
785.475
790.875
796.175
801.55
806.775
812.3
817.475
822.775
865.75
872.225
879.175
884.8
890.725
896.45
901.775
907.15
912.625
917.975
923.625
929.425
934.65
939.8
945.225
950.075
955.25
960.675
966.25
971.55
977.175
982.625
988.35
994
999.325
1005.6
1011.2
1016.78
1022
1027.73
1070.53
1077.18
1084.28
1090.33
1096.58
1102.45
1107.83
1113.48
1118.83
1123.9
1129.35
1134.68
1140.05
1145.48
1151.15
1156.78
1161.88
1167.53
1172.7
1178.18
1183.65
1189.08
1194.15
1199.95
1205.58
1211.25
1216.43
1221.55
1227.23
1232.88
1275.78
1283.1
1290.15
1296.23
1301.73
1307.58
1313
1318.78
1324.25
1329.75
1335.18
1340.8
1346.23
1351.55
1356.75
1361.93
1367.45
1373.13
1378.98
1385.03
1391.05
1396.6
1402.08
1407.38
1413.03
1418.83
1424.93
1430.48
1435.55
1482.88
1490.43
1497.03
1503.13
1509.08
1514.23
1519.43
1524.88
1530.8
1536.05
1541.28
1547.08
1552.73
1558.23
1563.53
1569.1
1574.9
1580.4
1585.58
1591.33
1596.83
1602.3
1607.83
1613.03
1618.18
1623.18
1628.7
1634.4
1639.53
1644.88
1687.03
1696.4
1702.5
1708.38
1713.63
1719.28
1724.93
1730.48
1736.13
1742
1747.35
1753.3
1759
1764.93
1769.73
1774.8
1779.75
1785
1790.23
1795.58
1801.13
1806.55
1812
1817.63
1822.95
1828.2
1833.48
1838.65
1843.88
1890.63
1898.13
1904.83
1910.93
1916.38
1921.45
1927.05
1932.78
1938.7
1944.3
1949.68
1954.98
1959.98
1965.3
1970.33
1975.88
1981.35
1986.63
1991.7
1996.95
2002.5
2008.03
2013.43
2018.53
2023.28
2028.53
2034.08
2039.68
2044.9
2049.4
2054.5
2097.83
2104.15
2110.38
2116.43
2122.25
2127.8
2133.33
2139.33
2144.73
2149.65
2155.3
2161
2166.6
2171.83
2177.13
2182.73
2188.18
2193.85
2199.3
2204.55
2210.18
2215.28
2220.55
2226.15
2231.53
2237.03
2242.18
2247.03
2251.68
2256.73
2262.1
2307.95
2314.95
2320.98
2327.08
2332.85
2338.8
2344.25
2349.8
2354.88
2360.33
2365.4
2370.58
2375.63
2381.28
2386.43
2392.15
2397.48
2402.73
2407.78
2412.58
2418.2
2423.42
2428.72
2434.7
2440.27
2445.27
2450.77
2455.7
2460.77
2466
2514.12
2520.32
2526.22
2532.3
2538.12
2544.05
2549.62
2555.1
2560.9
2566.12
2571.2
2576.72
2582.22
2587.75
2593.07
2598.12
2603.15
2608.65
2614.17
2619.57
2625.15
2630.7
2636.15
2641.47
2646.35
2651.8
2657.25
2662.47
2668.12
2673.75
2718.6
2725.65
2731.52
2737.2
2742.9
2748.7
2754.25
2759.8
2765.52
2770.65
2775.72
2780.6
2785.85
2791.15
2796.37
2801.92
2807.22
2812.92
2818.4
2823.95
2829.5
2834.35
2839.6
2845.25
2850.75
2856.37
2861.92
2867.4
2873.42
2879.12
2926.22
2933.8
2940.15
2946
2951.65
2957.65
2963.32
2969.05
2974.2
2979.52
2984.87
2989.87
2995.35
3000.67
3006.07
3011.07
3016.2
3021.77
3027.2
3033.25
3038.17
3043.15
3048.42
3053.5
3058.92
3064.02
3069.07
3074.4
3079.85
3085.5
3131.35
3137.87
3144.62
3150.17
3156.07
3162.2
3167.7
3173.12
3178.95
3184.25
3189.6
3195.27
3201.22
3206.8
3212.17
3217.57
3223.47
3228.92
3234.37
3239.5
3244.82
3249.85
3255.07
3260.17
3264.97
3269.92
3275.02
3280.7
3285.87
3291.3
3341.17
3348.97
3355.8
3362.07
3367.62
3373.57
3378.87
3384.52
3390.45
3396.07
3401.35
3407
3412.7
3418.7
3424.2
3430.3
3435.8
3441.82
3447.15
3452.25
3457.9
3463.52
3468.4
3473.3
3478.9
3484.35
3489.47
3495
3543.47
3550.42
3556.57
3563.02
3569.2
3575.3
3580.9
3586.17
3591.4
3597.02
3602.57
3607.92
3613.27
3619.12
3624.82
3630.07
3635.27
3640.45
3645.77
3651.05
3656.1
3660.85
3666.22
3671.6
3677.15
3682.5
3688.12
3693.95
3699.57
3750.27
3756.55
3762.32
3767.82
3773.3
3778.62
3784.05
3789.07
3794.77
3800.2
3805.12
3810.65
3815.8
3821.17
3826.45
3831.1
3836.1
3841.5
3846.45
3851.8
3857.22
3862.8
3868.15
3873.55
3879.27
3884.52
3889.47
3895.22
3900.55
3905.85
3952.92
3960.47
3967.12
3973.12
3978.62
3984.12
3989.75
3995.07
4000.37
4005.92
4011.1
4016.22
4021.72
4026.8
4031.95
4037.22
4042.57
4047.65
4052.87
4058.12
4063.2
4068.65
4074.1
4079.62
4084.7
4089.82
4095.3
4100.37
4105.22
4111.1
4159.02
4165.7
4171.47
4177.8
4183.82
4189.05
4194.5
4199.9
4205.6
4211.07
4216.2
4221.42
4226.42
4231.82
4236.72
4241.87
4247.55
4253.1
4258.5
4264.12
4269.22
4274.5
4279.65
4285
4290.47
4296.02
4301.8
4307.12
4312.3
4317.5
4364.07
4371.4
4377.75
4383.37
4388.9
4394.55
4400.12
4405.32
4410.77
4416.3
4421.65
4427.85
4432.77
4438.42
4443.7
4448.77
4453.75
4459.12
4464.4
4469.35
4474.65
4479.77
4485
4489.87
4495.1
4500.4
4505.6
4511.3
4516.9
4522.7
4574.42
4583.1
4589.47
4595.47
4601
4606.75
4612.4
4617.85
4623.75
4629.2
4634.87
4640.7
4646.5
4651.85
4657.52
4662.52
4667.77
4673.22
4678.52
4683.67
4688.87
4694.4
4700.1
4705.65
4710.82
4716.05
4721.15
4726.25
4777.95
4784.17
4789.72
4796.07
4801.62
4807
4812.45
4818.12
4824.2
4830.22
4835.75
4840.67
4845.67
4851.2
4856.67
4861.77
4866.82
4872.35
4877.72
4883.4
4888.92
4894.37
4899.72
4904.9
4910.62
4916.05
4921.02
4926.12
4931.32
4937.3
4986.45
4992.97
4999.27
5006.17
5012.3
5018.2
5023.47
5028.72
5033.6
5038.5
5043.65
5049.07
5054.4
5059.77
5064.62
5069.65
5074.95
5080.67
5085.9
5091.7
5097.5
5103.22
5108.47
5114.12
5119.3
5124.8
5130.12
5135.8
5141.05
5148.22
5194.47
5200.35
5206.35
5212.75
5218.77
5224.17
5229.5
5235.07
5240.35
5245.72
5251.32
5256.7
5262.42
5267.52
5272.72
5278.15
5283.35
5288.75
5294.05
5299.17
5304.37
5309.77
5315.17
5320.55
5326.32
5332.15
5336.95
5342.3
5348.12
5355.37
5399.32
5406.97
5413.52
5419.97
5426.27
5431.72
5437.07
5442.65
5448.1
5452.97
5458.25
5463.67
5469.22
5474.92
5480.35
5486.15
5491.75
5497.42
5502.37
5507.27
5512.95
5518.42
5523.57
5528.82
5534.5
5539.3
5544.62
5551.07
5557.65
5602.8
5609.8
5616.22
5621.75
5627.45
5632.95
5638.4
5643.77
5649.27
5654.87
5660.37
5665.72
5670.72
5676.2
5681.6
5686.97
5692.65
5697.77
5702.77
5707.97
5713.5
5718.85
5724.12
5729.37
5734.82
5740.22
5746.02
5751.45
5758.47
5766.15
5808.5
5815.3
5821.95
5828
5833.92
5840.02
5846.27
5852.27
5857.97
5864.1
5869.45
5874.8
5880.2
5885.75
5891
5896.15
5901.15
5906.32
5911.25
5916.77
5922.1
5927.62
5933.35
5938.75
5944.07
5949.92
5955.87
5962.5
5969.65
6013.25
6021.15
6029.12
6035.45
6041.57
6046.97
6052.05
6056.92
6062.42
6067.8
6074.22
6079.5
6084.35
6089.37
6094.7
6100.32
6105.87
6111.4
6117.25
6122.8
6128.07
6133.07
6137.95
6143.52
6148.92
6154.22
6159.9
6165.42
6172.95
6223.3
6229.37
6235.25
6241.02
6247.17
6253.37
6259.02
6264.42
6270.12
6276.15
6281.12
6286
6291.8
6297.37
6302.5
6307.4
6312.97
6318.37
6323.8
6329.15
6334.87
6340.27
6345.85
6351.9
6357.32
6362.75
6368.52
6374.5
6381.22
6425.8
6432.35
6438.12
6444.5
6450.17
6455.77
6461.05
6466.35
6472.1
6477.05
6482.4
6487.55
6492.77
6498.2
6503.7
6509.3
6514.47
6519.97
6525.5
6530.65
6535.75
6541.17
6546.37
6551.72
6557.15
6562.42
6567.7
6573.17
6578.75
6586.7
6632.3
6640.12
6646.15
6652.35
6657.8
6663.9
6669.82
6675.02
6680.3
6685.87
6690.9
6696.42
6701.52
6706.8
6712.22
6717.37
6722.62
6727.77
6733.25
6739.7
6745.22
6750.6
6756.1
6761.45
6766.4
6771.62
6777.17
6782.37
6789.8
6797.67
6841.25
6848.67
6854.77
6860.5
6866.32
6871.85
6877.52
6882.7
6888.25
6893.6
6898.55
6903.67
6908.82
6914.12
6919.6
6924.72
6930.62
6936.42
6941.92
6947.15
6952.47
6957.95
6963.67
6969.05
6975.07
6981.05
6987.22
6997.32
7041
7047.8
7055.3
7061.67
7067.07
7072.97
7079.07
7084.62
7090.5
7096.05
7101.17
7106.72
7111.8
7117.22
7122.5
7127.77
7133.02
7138.6
7144.02
7149.27
7154.35
7160.17
7165.85
7171.45
7176.65
7182.35
7187.2
7192.45
7200.9
7252.22
7259.12
7264.87
7270.5
7276.5
7282.52
7287.8
7293.52
7299.3
7304.5
7309.97
7315.45
7321.12
7327.25
7332.9
7338.17
7343.35
7348.5
7353.62
7359.07
7364.82
7370.02
7375.52
7381.5
7387.12
7392.07
7397.12
7403.75
7410.82
7455.02
7461.05
7467.85
7474.5
7480.07
7486.07
7491.77
7497.5
7502.95
7508.37
7513.97
7519.62
7524.7
7530.35
7535.97
7541.1
7546.42
7551.9
7558.02
7563.07
7568.52
7573.87
7579.85
7585.05
7590.32
7595.85
7601.1
7606.2
7615.42
7660.8
7667.57
7674.22
7680.52
7686.2
7691.65
7697.1
7702.75
7708.07
7713.3
7718.7
7724.2
7729.77
7735.37
7740.97
7746.35
7752.37
7757.75
7762.85
7768.25
7773.32
7778.72
7783.95
7789.12
7794.45
7800.05
7805.42
7810.6
7817.97
7824.92
7865.02
7871.7
7878.37
7884
7890.05
7895.92
7902.62
7907.87
7913.17
7918.62
7923.8
7928.55
7933.57
7938.55
7943.55
7948.67
7953.9
7959.2
7964.4
7969.55
7974.6
7979.65
7984.7
7990
7995.57
8001.1
8005.95
8010.75
8016.02
8022.97
8030.72
8072.47
8080.15
8086.87
8093.7
8099.67
8105.27
8111.02
8116.22
8122.07
8127.67
8132.92
8138.35
8143.97
8149.15
8154.57
8160.05
8165.8
8170.77
8175.75
8180.47
8185.65
8190.87
8196.4
8201.7
8206.87
8212.9
8218.6
8224.67
8233.27
8276.2
8283.92
8290.22
8295.92
8301.62
8307.17
8312.47
8318.27
8323.5
8328.85
8334.1
8339.62
8344.52
8350.42
8355.87
8361.65
8367.6
8373.22
8378.8
8384.12
8389.8
8395.05
8400.5
8406
8410.97
8416.5
8422.1
8428.05
8436.07
8483.22
8489.7
8495.45
8501.95
8507.15
8513.1
8518.37
8524.12
8529.45
8534.45
8539.65
8545.57
8550.8
8556.2
8561.52
8566.62
8571.95
8577.35
8583
8588.12
8593.77
8599.67
8604.9
8610.2
8615.85
8621.3
8626.47
8631.72
8637.65
8644.2
8691.62
8698.07
8704.27
8710
8716.1
8721.82
8727.27
8732.82
8738.42
8744
8749.45
8754.8
8759.57
8765.02
8770.37
8775.57
8781.1
8786.85
8792.6
8798.07
8803.47
8808.92
8814.3
8820
8824.95
8830.15
8835.25
8840.32
8847.52
8854.42
8900
8905.9
8911.77
8918.2
8923.85
8929.72
8935.22
8940.42
8945.77
8951.97
8957.37
8962.85
8968.72
8974.45
8980.05
8986
8991.37
8996.87
9002.35
9008
9013.6
9018.82
9024.45
9029.65
9034.75
9039.55
9044.72
9051.47
9058.6
9099.57
9106.55
9112.92
9119.37
9124.85
9130.32
9136.27
9141.8
9146.8
9151.85
9157.07
9162.12
9167.35
9172.6
9177.62
9183.07
9188.4
9193.3
9198.4
9203.55
9208.97
9214.35
9219.57
9224.8
9230.17
9235.87
9241.6
9246.87
9252.05
9258.27
9265.55
9312.7
9319.4
9325.95
9331.8
9337.57
9343.2
9349.37
9355.6
9361.27
9366.72
9371.67
9377.07
9382.42
9388
9393.3
9398.45
9403.55
9408.97
9413.62
9418.15
9423.6
9428.72
9434.25
9440.1
9445.5
9450.65
9455.92
9461.25
9468.72
9515.47
9521.77
9527.9
9534
9539.67
9545.32
9551.32
9556.72
9562.7
9568.1
9574.05
9579.6
9584.87
9590.42
9595.77
9601.07
9606.62
9611.97
9617.8
9623.4
9628.92
9634.42
9639.48
9645.18
9650.53
9655.85
9661.05
9666.13
9673.98
9720.28
9727.35
9733.38
9738.7
9744.65
9750.53
9755.88
9761.08
9766.3
9771.58
9777.23
9782.5
9788.15
9793.3
9798.38
9803.25
9808.55
9813.55
9818.73
9823.98
9828.78
9833.93
9839.2
9844.83
9850.18
9855.43
9861.13
9866.23
9871.53
9878.03
9884.78
9927.43
9934.33
9940.4
9946.83
9952.68
9958.33
9964.08
9969.28
9975.1
9980.65
9985.55
9990.83
9995.98

