45.55
52.725
59
65.025
70.775
76.425
81.65
87.825
93.425
99.1
104.6
109.85
115.075
120.325
125.925
131.55
137.275
142.8
147.975
153.625
159.8
165.1
170.425
176.275
181.775
186.95
192.025
197.35
202.375
207.875
252.775
260.05
266.3
272.775
278.275
284.3
290.45
296.2
301.8
306.975
312.075
317.475
322.575
328.125
333.35
338.2
343.45
348.675
354.275
360
364.9
369.725
375.15
380.85
386.3
391.775
397.225
402.1
407.3
412.375
459.525
465.9
472.05
477.925
483.675
489.275
494.3
499.425
504.75
509.6
514.625
519.725
524.6
530.175
535.25
540.475
545.875
550.75
555.8
561.225
566.4
571.475
576.6
581.95
587.475
593.15
597.95
603.375
608.825
614.275
661.35
669.2
675.8
681.95
688
693.55
698.975
704.425
710.15
715.85
721.125
726.575
731.875
737.625
742.875
748.075
753.95
759.575
764.975
770.35
775.9
781.425
786.725
792.4
797.525
803.075
808.525
813.425
818.575
868.7
875.325
882.575
888.45
894.025
899.825
905.2
910.1
915.625
921.475
926.85
932.05
937.55
942.95
948.6
954.375
959.575
964.675
969.775
975.45
980.5
985.9
991.275
996.525
1001.6
1007.35
1012.85
1018.88
1024.35
1030.23
1073.43
1080.45
1087.53
1094.03
1099.58
1105.28
1110.78
1116.83
1122.18
1127.6
1133.18
1138.38
1144.1
1149.35
1154.38
1159.45
1164.83
1170.4
1175.58
1181.05
1186.53
1191.95
1197.15
1202.53
1207.83
1212.93
1218.45
1223.78
1229.35
1278.65
1285.63
1291.73
1297.4
1303.43
1309.15
1314.4
1319.58
1324.5
1329.95
1335.25
1340.75
1346.83
1352.03
1357.43
1362.68
1368.25
1373.33
1378
1382.85
1387.68
1392.83
1398
1403.43
1409.3
1414.55
1419.78
1424.83
1430
1435.4
1486.53
1493.1
1499.15
1505.28
1510.7
1516.3
1521.73
1527
1532.78
1538.28
1543.43
1548.88
1554.45
1560.48
1565.75
1571.33
1576.33
1581.33
1586.7
1592.65
1598.33
1603.83
1609
1614.08
1619.33
1624.85
1630.05
1635.48
1641.28
1687.7
1695.6
1701.38
1707.1
1712.73
1718.63
1724.53
1730.38
1736.65
1742.2
1747.78
1752.93
1758.63
1764.08
1769.4
1774.65
1779.93
1785.35
1790.78
1795.95
1800.93
1806.38
1812.03
1817.38
1823.05
1828.53
1833.68
1839.13
1844.68
1894.65
1901.23
1907.23
1912.33
1918.08
1923.6
1928.9
1934.38
1940.08
1945.53
1950.78
1956.4
1962.05
1967.43
1972.58
1977.8
1982.95
1988.88
1994.3
1999.83
2005.03
2010.28
2015.28
2020.58
2025.95
2031.05
2036.23
2041.53
2047.13
2052.33
2099.3
2108.1
2114.45
2120.95
2126.95
2133.33
2138.93
2144.43
2149.85
2154.93
2160.33
2166.33
2172.3
2177.6
2183.03
2187.9
2193.2
2198.55
2203.68
2208.63
2213.3
2218.38
2223.68
2229.08
2234.83
2240.03
2245.4
2250.6
2256.08
2261.05
2305.43
2312.03
2318.48
2324
2329.43
2334.78
2340.6
2346
2351.85
2357.65
2362.85
2367.9
2373.03
2378.43
2383.9
2389.5
2394.68
2399.65
2404.73
2409.75
2414.85
2420.2
2425.82
2431.47
2436.9
2442.12
2447.07
2451.82
2456.92
2461.97
2467.67
2514.97
2521.75
2527.8
2533.55
2539.32
2545.57
2550.87
2556.45
2561.92
2567.2
2572.5
2578.35
2583.9
2589.32
2595.15
2600.42
2605.77
2611.17
2616.45
2622.37
2628.1
2633.4
2638.75
2643.85
2649.42
2654.5
2659.87
2665.17
2670.15
2675.1
2720.77
2728.02
2734.57
2740.85
2746.87
2752.67
2758.02
2763.35
2768.85
2774.4
2780
2785.12
2790.05
2795.32
2800.52
2805.77
2811.25
2817.07
2822.42
2827.9
2832.9
2837.87
2842.57
2847.62
2852.6
2858.42
2863.6
2869.52
2874.87
2880.55
2923.97
2930.32
2936.62
2942.37
2947.97
2953.17
2958.35
2964.17
2969.75
2974.92
2979.92
2985.17
2990.42
2995.57
3000.75
3005.95
3011.7
3017.02
3022.62
3028.12
3033.3
3038.27
3043.05
3048
3053.3
3058.77
3064.3
3069.42
3074.72
3079.9
3085.12
3133.92
3140.52
3146.9
3153.47
3159.25
3164.92
3170.4
3175.85
3181.75
3187.1
3192.67
3198.42
3204.32
3209.85
3215.15
3220.22
3225.65
3231.15
3236.9
3242.42
3248
3253.22
3258.55
3263.87
3269.57
3274.5
3279.67
3285.02
3290.17
3334.7
3342.42
3347.77
3354.27
3359.47
3365.15
3370.6
3376.27
3382
3388.12
3393.8
3399.15
3404.47
3410.45
3416.15
3421.37
3426.6
3431.95
3437.12
3442.25
3447.07
3452.4
3457.75
3462.95
3468.27
3473.77
3479.15
3484.22
3489.45
3494.55
3543.1
3549.62
3556.57
3562.27
3567.97
3573.97
3579.77
3585.5
3591.05
3596.87
3602.1
3607.2
3612.37
3618.07
3623.37
3628.65
3633.67
3639.15
3644.67
3650.37
3655.7
3661.22
3666.02
3670.85
3675.92
3681.07
3686.52
3691.85
3697.02
3702.85
3752.02
3759.15
3764.82
3770.15
3775.85
3781.15
3786.37
3791.85
3797.17
3803.45
3808.95
3814.6
3819.8
3824.95
3830.32
3835.8
3840.72
3846.12
3851.32
3856.42
3861.92
3867.5
3872.52
3877.85
3884
3889.72
3895.37
3900.82
3906.37
3957.37
3964.22
3970.57
3976.97
3982.55
3988.27
3994.3
4000.12
4006.15
4011.52
4016.87
4021.8
4027.32
4032.62
4037.97
4043.37
4048.6
4054.05
4059.55
4064.8
4070.47
4075.85
4080.97
4086.25
4091.02
4096.25
4101.97
4107.57
4112.95
4159.15
4166.25
4172.67
4178.45
4183.92
4189.22
4194.47
4199.9
4205.62
4211.15
4216.52
4221.57
4227.37
4232.75
4238.37
4243.67
4248.92
4254.22
4260.1
4265.52
4270.92
4275.95
4281.05
4286.65
4292.12
4297.2
4302.72
4308.32
4313.75
4320.02
4368.75
4375.6
4381.42
4387.52
4393.62
4399.25
4405.17
4411.17
4416.87
4422.15
4427.6
4433.4
4438.5
4443.9
4448.82
4453.95
4459.55
4465.07
4470.4
4475.85
4480.62
4485.95
4491.22
4497.32
4503.62
4509.22
4514.62
4519.8
4529.95
4570.12
4578.55
4584.45
4590.57
4596.37
4602.17
4607.55
4613.2
4618.57
4624.45
4629.47
4635.32
4640.87
4646.57
4651.75
4657.02
4662.35
4667.87
4674
4679.77
4685.37
4690.75
4695.9
4701.02
4706.25
4711.15
4716.15
4721.57
4727.07
4784.52
4791.1
4797.32
4803.12
4808.25
4813.42
4818.52
4823.9
4829.05
4834.62
4840.17
4844.97
4850.12
4855.35
4861
4867
4872.27
4877.35
4882.1
4887.12
4892.22
4897.17
4902.85
4908.95
4914.97
4920.92
4926.02
4931.12
4936.77
4986.55
4993.97
5000.4
5006.17
5011.87
5017.8
5023.37
5028.42
5034.05
5039.25
5044.6
5050.2
5055.55
5060.65
5065.95
5071.27
5076.85
5082.35
5087.95
5093.07
5098.57
5103.5
5109.5
5115.32
5121.25
5126.7
5132.25
5137.4
5144.35
5152.12
5197.87
5204.37
5211.55
5217.47
5223.1
5228.85
5234.2
5239.25
5244.5
5249.57
5254.77
5260.12
5265.25
5270.27
5275.52
5280.65
5286.17
5291.07
5296.37
5301.27
5306.5
5311.9
5317.12
5322.2
5327.22
5332.62
5338.15
5343.62
5351.25
5358.42
5401.35
5407.82
5413.65
5419.57
5425.42
5431.07
5437.05
5442.55
5448.27
5453.62
5458.8
5464.07
5469.05
5474.77
5480.35
5485.82
5491.07
5496.7
5502.25
5507.6
5512.75
5518.25
5523.2
5528.47
5534.02
5539.85
5545.02
5551
5558.65
5604.8
5612.25
5618.47
5624.02
5629.9
5635.25
5640.52
5645.52
5651.07
5656.4
5661.77
5667.15
5672.65
5678.85
5684.35
5689.85
5695.27
5701.4
5706.95
5712.22
5717.3
5722.82
5727.77
5733.35
5739.27
5744.72
5749.97
5756.05
5763.47
5806.8
5813.22
5819.02
5824.57
5829.95
5835.15
5840.72
5846.77
5852.2
5857.52
5862.97
5868.52
5874.37
5879.57
5885.12
5890.6
5896.37
5901.95
5907.3
5913.27
5918.72
5923.75
5929.12
5934.17
5939.52
5944.7
5949.97
5955.65
5961.47
5968.07
6014.82
6021.3
6027.07
6032.82
6038.6
6043.85
6049.07
6054.17
6059.77
6065.07
6070.6
6076.12
6082.05
6087.42
6093.22
6098.42
6103.62
6109.15
6114.62
6119.95
6125.67
6132.07
6137.67
6143.1
6148.82
6154.22
6159.65
6164.92
6172.35
6219.57
6226.32
6232.27
6238.32
6244.02
6249.82
6255.65
6261.52
6267.37
6272.87
6278.07
6283
6287.87
6293.1
6299
6304.6
6310.35
6316.12
6321.75
6327.2
6332.75
6337.85
6343.25
6348.25
6354.27
6359.3
6365.07
6370.52
6378.62
6423.45
6430.8
6437.52
6443.65
6449.12
6454.87
6460.52
6465.75
6471.47
6476.92
6482.12
6487.47
6492.7
6497.87
6503.02
6508.37
6514.22
6519.65
6525.17
6530.2
6535.8
6541.52
6546.6
6551.62
6556.82
6562.45
6568.05
6573.57
6579.3
6585.75
6632.27
6638.8
6645.7
6651.82
6657.67
6662.92
6668.65
6674.22
6679.4
6685.07
6690.87
6696.35
6701.5
6706.97
6712.45
6717.65
6723.1
6729.27
6734.92
6740.4
6745.5
6750.22
6755.37
6760.95
6766.45
6772
6777.67
6783.35
6791.85
6839.3
6845.65
6851.75
6858.22
6864.1
6869.82
6875.17
6880.72
6886.52
6892.1
6897.32
6902.9
6908.15
6913.72
6919.35
6925.1
6930.35
6936.2
6941.6
6946.7
6952.37
6957.9
6963.42
6968.72
6973.95
6979.47
6984.57
6990
6997.5
7048.77
7055.27
7060.97
7067.02
7073.1
7079.75
7085.2
7090.65
7096.1
7101.77
7107.12
7112.7
7118.6
7124.37
7130.32
7135.52
7140.82
7146.25
7151.62
7157.02
7162.05
7167.27
7172.57
7177.77
7183.4
7188.4
7193.45
7200.1
7206.5
7248.72
7255.25
7261.52
7267.35
7273.07
7278.3
7284
7289.77
7295.22
7300.62
7306.35
7311.42
7316.72
7321.6
7326.32
7331.35
7336.25
7342.02
7347.52
7352.85
7357.8
7362.95
7367.6
7372.85
7378.07
7383.4
7389.25
7394.27
7399.62
7406.72
7414.55
7454.27
7461.02
7466.9
7472.37
7477.97
7483.42
7488.87
7494.22
7499.65
7505.57
7511.12
7516.6
7521.92
7527.32
7533.15
7538.52
7544.1
7549.47
7554.87
7560.25
7565.67
7570.9
7576.1
7581.4
7586.65
7591.2
7596.47
7602.02
7607.52
7614.77
7663.97
7671.62
7678.4
7684.92
7691.2
7696.92
7702.15
7707.92
7713.47
7718.72
7724
7729
7734.55
7739.85
7745.07
7750
7755.5
7760.77
7766.1
7771.3
7776.45
7781.6
7786.95
7792.4
7797.75
7802.92
7808.5
7814.27
7821.05
7869.75
7876.5
7882.62
7889.1
7895.22
7901.2
7906.2
7911.6
7917
7922.72
7928.8
7934.52
7939.75
7945.02
7950.52
7955.9
7961.15
7966.57
7971.9
7977.45
7982.57
7987.65
7993.1
7998.62
8004
8009.77
8015.37
8021.07
8027.22
8071.87
8078.85
8084.9
8091.17
8096.85
8102.62
8108.02
8113.35
8118.9
8124.97
8130.32
8135.55
8140.67
8145.87
8151.8
8156.8
8162.02
8167.3
8173.32
8178.5
8184.25
8189.7
8195.27
8200.6
8206
8211.02
8216.5
8222.1
8231.42
8279.92
8286.57
8292.57
8298.22
8303.82
8309.22
8315.35
8320.97
8326.92
8332.27
8337.97
8343.72
8349.07
8354.47
8360.27
8365.82
8371.7
8376.67
8382.12
8387.42
8392.8
8398.37
8403.22
8408.45
8413.9
8419.15
8424.22
8429.92
8436.5
8482.57
8489.5
8496.47
8502.82
8508.87
8514.6
8520.35
8526.4
8531.6
8537.05
8542.85
8548.62
8553.55
8558.9
8564.77
8570.32
8575.55
8580.55
8585.62
8591.2
8596.57
8601.6
8607.1
8612.47
8618.1
8623.3
8629.47
8635.12
8642.77
8688.1
8695.3
8702.12
8708.55
8714.87
8720.82
8726.25
8732.07
8737.5
8742.57
8747.6
8753.55
8759
8764.75
8770.07
8775.5
8780.87
8786.1
8791.37
8797.65
8803.42
8808.72
8813.95
8819.42
8824.62
8830.25
8835.87
8841.42
8849.02
8900.27
8907.52
8914.5
8920.17
8926
8931.45
8937.05
8942.8
8948.1
8953.2
8958.4
8964.32
8969.67
8975.12
8980.72
8986.37
8992.22
8997.65
9002.55
9007.85
9013.1
9018.27
9023.37
9028.65
9033.87
9039.65
9045.55
9053.5
9101.85
9108.52
9115.22
9121.02
9126.85
9132.2
9137.6
9143.15
9148.82
9154.52
9159.9
9164.87
9170.25
9176.02
9181.1
9186.5
9192.15
9197.42
9202.67
9207.6
9212.7
9217.92
9222.85
9228.4
9234.45
9240.27
9245.47
9250.85
9256.2
9263.7
9311.4
9318.1
9324.52
9330.37
9336.32
9342.05
9347.47
9353.2
9358.35
9363.95
9369.4
9375.57
9381.27
9387.1
9392.87
9397.92
9403.27
9408.42
9413.67
9419.4
9424.5
9429.45
9434.65
9440.1
9445.32
9450.57
9455.8
9461.1
9469.02
9516.67
9522.47
9527.85
9533.95
9539.82
9545
9550.57
9556.02
9561.75
9567.6
9572.9
9578.5
9583.52
9588.85
9594.5
9599.52
9605.12
9610.87
9616.37
9621.72
9626.97
9632.25
9637.48
9642.75
9648.38
9654.03
9658.98
9663.75
9670.7
9676.78
9716.53
9723.95
9730.7
9736.9
9742.2
9748.05
9754.23
9760
9765.98
9771.4
9776.68
9782.3
9787.93
9793.3
9798.7
9803.53
9808.33
9814.18
9819.9
9825.65
9830.8
9836.55
9841.53
9847.08
9852.45
9857.3
9862.05
9867.33
9873.15
9881.13
9923.95
9931.08
9937.15
9942.58
9947.83
9953.83
9959.55
9965.2
9970.83
9976.58
9982.28
9987.43
9992.58
9998.15

