41.75
51.5
57.775
63.5
69.05
74.65
80.375
85.675
90.95
96.05
101.45
106.65
112.1
117.05
122.325
128
133.825
139.7
145.4
150.525
155.975
161.35
166.625
171.8
177.175
182.175
187.7
192.775
198.225
203.575
249.3
256.125
262.75
269.05
274.925
280.85
286.675
292.025
297.875
303.325
308.325
313.425
318.55
323.75
329.15
334.325
339.275
344.2
349.475
354.5
359.525
364.4
369.875
375.175
380.475
385.625
390.65
395.95
400.85
406.525
412.5
459.05
465.15
471.575
477.7
484.075
490.325
495.5
500.825
506.25
511.35
516.675
522.475
527.325
533.025
538.275
543.925
549.7
554.95
560.275
565.875
570.85
575.95
580.875
586
591.125
596.275
601.65
606.775
611.75
616.875
663
669.1
675.05
681.825
687.65
693.275
698.625
704.2
709.325
715.075
720.6
726.25
731.85
737.15
742.55
748.275
753.975
760.125
765.35
770.75
776.425
781.8
787.35
792.325
797.875
803.275
808.325
814.125
819.725
865.3
872
878.3
885.125
890.95
896.675
902.5
908.225
913.425
918.475
924.075
929.625
935.275
940.4
945.275
950.35
955.6
960.7
966
971.2
976.45
981.6
986.475
991.875
997.05
1002.38
1008
1013.9
1019.28
1024.78
1071.68
1078.6
1085.18
1092.05
1097.68
1103.9
1110.1
1115.73
1121.13
1126.45
1131.83
1136.83
1142.4
1147.73
1153.03
1158.38
1163.7
1169.3
1174.93
1180.25
1185.6
1191
1196.08
1200.98
1206.28
1211.63
1217.2
1222.43
1227.93
1233.53
1277.48
1284.55
1290.48
1296.28
1302.15
1308.98
1314.58
1320.88
1326.23
1331.43
1336.9
1342.3
1347.83
1353.33
1358.93
1364.8
1370.25
1375.75
1380.78
1385.73
1391.43
1396.9
1402.35
1407.48
1412.8
1418.53
1423.88
1429
1434.03
1439.15
1480.63
1487.43
1493.75
1499.5
1505.18
1510.85
1516.83
1522.7
1528.35
1533.8
1538.95
1544.6
1550.3
1555.65
1561.33
1566.6
1572.1
1577.65
1583.2
1588.58
1593.9
1599.08
1604.3
1609.78
1614.88
1620.05
1625.13
1630.55
1635.75
1641.08
1686.83
1693.33
1699.83
1705.73
1711.28
1717.05
1722.13
1726.95
1732.43
1738.18
1744.03
1749.48
1754.95
1760.3
1765.6
1771.1
1776.3
1781.13
1786.5
1792.18
1797.48
1803
1808.5
1813.53
1818.98
1824.4
1829.95
1835.4
1840.7
1845.53
1891.93
1898.93
1905.55
1911.45
1917.45
1923.65
1929.7
1935.3
1940.85
1945.95
1951.48
1956.53
1961.6
1966.8
1972.13
1977.25
1982.7
1987.8
1993.38
1998.4
2003.78
2009.15
2014.98
2020.65
2026.2
2031.78
2038.05
2043.23
2049.4
2054.7
2097.4
2103.85
2109.95
2115.63
2121.28
2126.6
2132.28
2138.1
2143.33
2148.6
2153.68
2159.15
2164.95
2170.33
2175.58
2180.7
2186.03
2191.13
2196.65
2202.1
2208.03
2213.38
2218.93
2224.55
2230.15
2235.58
2240.95
2246.38
2251.15
2256.53
2261.45
2306.28
2313.55
2319.58
2325.35
2331.05
2336.98
2342.48
2348.08
2353.65
2359.35
2364.85
2370.5
2375.93
2381.08
2386.43
2391.98
2397.58
2403.13
2407.98
2413.28
2418.57
2424.07
2429.67
2435.32
2440.67
2446.07
2451.22
2456.45
2461.67
2466.57
2513.85
2520.35
2526.7
2533.02
2538.65
2544.05
2549.2
2554.77
2561.07
2566.75
2572.32
2577.85
2583.22
2589.05
2594.62
2599.92
2605.05
2610.42
2616.07
2621.25
2626.67
2631.92
2637.37
2642.7
2648.47
2654.05
2659.45
2664.5
2670
2675.37
2720.75
2728
2734.17
2740.47
2746.97
2752.45
2758.47
2763.8
2768.97
2774.42
2779.22
2784.75
2790.5
2796.25
2801.87
2806.97
2812.4
2817.6
2823.3
2828.3
2833.97
2839.62
2844.8
2849.72
2855.3
2860.47
2865.52
2870.97
2876.72
2882.35
2927.95
2933.85
2939.92
2945.85
2952.02
2958.3
2963.62
2969.22
2974.72
2979.97
2985.5
2990.7
2996.32
3001.65
3006.85
3012.42
3017.7
3023.25
3028.7
3034.1
3039.6
3044.62
3050
3055.25
3060.95
3066.37
3071.42
3077.6
3083.4
3133.52
3140.47
3146.52
3152.55
3158.4
3164.42
3169.62
3175.05
3180.72
3185.87
3190.95
3196.17
3201.32
3206.75
3212.25
3217.35
3222.6
3227.97
3233.42
3239.02
3244.27
3249.47
3254.92
3260.07
3265.32
3270.92
3275.72
3281.15
3286.77
3292.05
3339.37
3345.72
3351.42
3357.12
3362.8
3368.72
3374.27
3380.17
3386.1
3391.37
3396.57
3402.2
3407.45
3412.55
3418.02
3423.3
3428.55
3434.22
3439.8
3445.02
3451.17
3457.07
3462.65
3468.02
3473.35
3478.77
3484.3
3489.37
3494.77
3545.02
3552.62
3558.42
3564
3569.75
3575.47
3581.37
3587.02
3592.77
3598
3603.5
3608.7
3613.9
3619.3
3625.1
3630.87
3636.4
3642.05
3647.65
3653.2
3658.17
3663.62
3668.65
3673.8
3679.05
3684.07
3689.35
3694.77
3700.02
3752.1
3759.05
3765.12
3771
3777.32
3782.6
3788.12
3793.57
3798.9
3805
3810.82
3816.1
3821.52
3826.95
3832.42
3838
3843.75
3849.2
3854.67
3860.32
3866.05
3871.7
3877.1
3882.25
3887.4
3892.9
3898.37
3904
3914.5
3952.17
3958.52
3964.32
3970.35
3975.9
3981.05
3986.5
3991.87
3997.62
4002.82
4008.15
4013.7
4019
4023.95
4029.7
4034.95
4039.75
4044.85
4050.1
4055.2
4060.4
4065.87
4071.17
4076.5
4081.57
4086.75
4092.3
4097.97
4103.75
4108.92
4161.77
4169.87
4176.1
4182.02
4187.1
4192.27
4197.27
4202.25
4207.25
4212.72
4218.17
4223.6
4229
4234.62
4239.77
4245.37
4250.65
4255.37
4260.37
4265.15
4270.32
4275.05
4280.47
4285.92
4291.62
4296.92
4302.07
4306.92
4311.87
4316.75
4366.42
4372.95
4378.97
4385.07
4390.67
4396.57
4402.02
4407.32
4413.1
4418.8
4424
4429.6
4435.62
4440.87
4447
4452.8
4458.37
4463.8
4469.2
4474.82
4480.55
4485.87
4491.22
4497.02
4502.55
4508.05
4513.72
4519.5
4527.3
4575.42
4582.5
4588.22
4594.02
4599.75
4604.9
4609.92
4614.65
4620.2
4625.57
4630.95
4636.5
4641.65
4647.27
4652.52
4657.8
4663.12
4668.82
4674.22
4679.32
4685.05
4690.37
4695.57
4700.67
4705.6
4710.65
4715.9
4721
4726.72
4735.32
4778.75
4786.47
4792.42
4798.3
4803.95
4809.72
4815.62
4821.05
4826.22
4831.87
4837.42
4843.22
4848.92
4854.67
4860.1
4865.32
4870.25
4875.82
4881.05
4886.42
4891.77
4897.07
4902.35
4907.65
4913.07
4918.47
4923.72
4928.97
4934.1
4943.1
4990.12
4996.87
5003.47
5009.45
5015.22
5020.45
5025.47
5031.12
5036.6
5041.82
5047.42
5052.75
5057.85
5063.67
5069.55
5075.15
5080.57
5086.02
5091.47
5096.7
5102.5
5108.22
5113.5
5118.92
5123.95
5129.15
5134.32
5139.42
5147.67
5195.75
5202.55
5209.2
5215.15
5220.62
5226.2
5231.87
5237.27
5242.07
5246.97
5252.7
5257.42
5262.8
5268.17
5274
5279.45
5285.17
5291.02
5296.6
5301.95
5307.37
5312.62
5317.65
5323.5
5329.55
5334.72
5340.22
5346.07
5353.65
5402.47
5409.4
5416.15
5421.9
5427.95
5433.72
5439
5444.55
5449.9
5455.2
5460.4
5465.7
5470.45
5475.95
5481.35
5486.55
5491.85
5497.37
5502.5
5507.72
5513.12
5518.02
5523.2
5528.8
5534.42
5539.72
5544.8
5550.42
5557.8
5602.97
5609.3
5615.55
5621.65
5627.3
5632.77
5638.45
5644.32
5649.85
5655.1
5661.05
5666.6
5672.02
5677.15
5682.25
5687.67
5693.15
5698.27
5703.57
5709.05
5714.2
5719.3
5724.27
5729.4
5734.37
5739.4
5744.37
5749.3
5754.37
5761
5807.65
5814.2
5820.02
5826.3
5832.42
5838.3
5844.05
5849.22
5854.87
5860
5865.42
5870.82
5876.25
5881.35
5886.6
5891.67
5897.02
5902.25
5907.92
5913.05
5918.1
5922.8
5927.8
5933.02
5937.82
5943.02
5947.75
5953
5958.72
5966.22
6016.22
6022.52
6028.47
6034.32
6039.9
6046.05
6051.5
6057.25
6062.9
6068.92
6074.85
6079.7
6085.57
6090.72
6096
6101.45
6106.52
6111.95
6117.6
6123.27
6128.9
6134.25
6139.77
6145
6150.45
6155.97
6161.6
6167.45
6174.35
6218.9
6226.65
6232.37
6238.15
6244.27
6249.47
6255.9
6261.4
6267.57
6273.07
6278.75
6284.15
6289.67
6294.7
6300.05
6305.1
6310.17
6315.8
6321
6326.37
6331.45
6337.27
6342.4
6347.5
6353.32
6358.47
6363.47
6368.67
6374.72
6382.42
6427.95
6434.72
6441.05
6446.47
6451.55
6456.77
6461.77
6466.82
6471.87
6476.75
6482.02
6487.4
6492.62
6498
6503.47
6508.9
6514.02
6518.87
6524.02
6529.25
6534.47
6539.42
6544.35
6549.42
6554.35
6559.4
6564.47
6569.9
6575.05
6581.97
6588.77
6631.52
6638.4
6644.17
6649.52
6655.17
6660.72
6666.72
6672
6677.32
6682.77
6688.32
6693.72
6699.17
6704.2
6709.27
6714.67
6720.07
6725.45
6730.4
6735.55
6740.97
6746.9
6752.75
6757.75
6763.35
6768.62
6773.97
6779.02
6784.22
6792.37
6833.7
6841.17
6848.1
6854.97
6861.47
6867.12
6872.72
6878.7
6884.35
6889.75
6895.17
6900.32
6906.32
6912.27
6917.75
6923.02
6928.32
6933.45
6938.97
6944
6949.42
6954.85
6959.77
6965.42
6970.8
6976.65
6981.87
6987.35
6994.4
7000.62
7047.4
7054.02
7059.97
7065.5
7071.55
7077.12
7082.5
7087.6
7092.47
7098.47
7103.95
7109.47
7114.62
7119.7
7124.77
7130.7
7136.07
7141.3
7146.47
7151.47
7157.55
7163.27
7168.42
7173.22
7177.9
7183.67
7188.67
7194.27
7201.12
7248.87
7255
7260.97
7267.07
7272.65
7278.2
7283.72
7289.4
7295.12
7300.87
7306.25
7311.8
7317.47
7323.15
7328.25
7333.5
7338.85
7344.02
7349.47
7355.17
7360.97
7366.1
7370.77
7375.92
7380.92
7385.97
7391.37
7396.97
7403.67
7411.05
7454.22
7461.32
7467.32
7473.25
7478.87
7484.5
7489.65
7494.8
7500.62
7506.12
7511.57
7517.95
7523.87
7529.37
7535.27
7540.57
7546.32
7551.75
7556.95
7562.7
7567.62
7573.05
7578.57
7584.22
7589.95
7595.22
7600.67
7606.15
7613.45
7659.35
7666.3
7672.35
7678.52
7684.72
7689.92
7695.15
7701
7706.35
7711.62
7716.65
7721.92
7727.65
7732.92
7738.77
7744.07
7749.07
7754.65
7760.72
7766.57
7772.07
7777.37
7782.75
7788.55
7793.67
7799
7804.4
7809.4
7815.57
7823.17
7864.6
7871.4
7877.75
7884.32
7890.57
7895.82
7901.75
7907.3
7913.45
7919.3
7925.32
7930.8
7936.3
7941.17
7946.1
7951.77
7957.45
7963.2
7968.62
7973.85
7979.47
7984.6
7989.9
7995.2
8000.95
8006.37
8011.5
8016.95
8023.47
8030.37
8076.4
8083.12
8089.1
8094.85
8099.9
8105.32
8110.52
8115.67
8121.07
8126.55
8131.92
8137.3
8142.7
8148.32
8154.3
8160.07
8165.2
8170.45
8175.55
8181.1
8186
8191.35
8196.3
8201.52
8206.57
8211.87
8217.32
8222.5
8229.52
8235.6
8281.8
8288.32
8294.12
8300.55
8306.05
8311.67
8317.75
8323.05
8328.17
8333.32
8338.4
8343.57
8348.87
8354.22
8359.52
8364.95
8370.17
8375.35
8380.37
8386.05
8391.17
8396.27
8401.47
8406.72
8412.05
8417.55
8422.85
8427.9
8435.15
8441.67
8481.1
8488.75
8495.85
8501.85
8507.27
8512.85
8518.47
8523.8
8529.3
8534.37
8540
8544.75
8549.8
8555.12
8561.07
8566.95
8572
8577.02
8582.05
8587.05
8591.97
8597.35
8602.62
8607.67
8612.77
8617.82
8622.82
8627.92
8633.35
8641.05
8647.52
8691.5
8698.02
8703.8
8710.02
8715.92
8721.17
8726.5
8732.05
8737.17
8742.67
8748.27
8754.35
8759.85
8765.27
8770.55
8776.07
8781.6
8787.4
8793.02
8798.25
8803.57
8809.15
8814.45
8819.62
8824.95
8830.55
8835.97
8841.22
8849
8894.47
8901.6
8907.85
8913.1
8918.57
8923.82
8929.22
8934.42
8939.95
8945.3
8950.37
8955.47
8960.72
8966.17
8971.77
8976.9
8982.07
8987.47
8993
8998.65
9004.47
9010.45
9015.6
9021.22
9026.52
9031.8
9037.12
9042.5
9047.75
9054.97
9061.25
9104.25
9111.5
9117.47
9123.72
9129.37
9135.1
9140.7
9146.17
9151.65
9157.15
9162.35
9167.55
9172.82
9178.22
9183.5
9188.97
9193.82
9198.75
9203.32
9208.75
9213.8
9219.22
9224.47
9230.52
9236.2
9241.6
9246.9
9252.62
9258.72
9265.9
9309.92
9316.42
9322.85
9329.1
9334.75
9340.8
9346.52
9352.02
9357.67
9363.7
9369.45
9375.52
9381.05
9386.5
9391.92
9397.3
9403.1
9408.37
9413.6
9418.65
9424.45
9430.02
9435.57
9440.92
9446.3
9451.5
9457.1
9462.12
9469.02
9513.4
9520.3
9526.45
9532.45
9538.47
9544.97
9550.6
9556.82
9562.4
9567.52
9572.37
9577.75
9582.72
9588.05
9593.25
9599.15
9604.82
9610.57
9616
9621.25
9626.37
9631.77
9637.43
9642.85
9648.38
9653.7
9659.03
9664.4
9672.35
9718.8
9725.78
9731.73
9737.75
9743.75
9749.6
9755.03
9760.33
9765.58
9770.8
9776.53
9781.68
9787.63
9793.38
9798.4
9803.6
9809.15
9814.83
9820.53
9826.25
9831.48
9836.9
9841.95
9847
9852.48
9857.98
9863.2
9868.6
9875.95
9882.6
9928.08
9935.15
9940.73
9946.35
9951.93
9957.9
9963.58
9969.78
9975.43
9980.48
9985.55
9990.53
9996.05

