48.05
54.4
59.7
65.625
71.05
76.375
82.175
88.4
93.95
99.2
104.375
109.3
114.625
120.15
125.275
130.475
135.65
140.975
146.45
151.85
157.45
163.325
168.575
173.75
179.3
184.85
190.325
195.55
201
206.45
250.2
257.675
263.425
269.35
275.375
281.175
286.45
292.4
298.075
303.2
308.55
314.525
319.8
325.125
330.175
335.6
341.45
347.425
352.7
357.95
363.425
369.05
374.85
380.1
385.425
391.05
396.225
401.525
406.6
411.75
458.675
465.2
471.875
477.525
483.075
489.225
495.175
500.6
505.925
511.175
516.775
522.25
528.025
532.9
537.9
543.175
548.2
553.825
559.35
565.05
570.275
575.8
581.35
587.15
592.525
598.35
603.925
609.575
615.075
659.625
666.95
673.725
679.125
685.4
691.55
697.85
703.825
709.25
714.6
719.975
725.425
730.675
736.125
741.45
746.95
752.3
757.775
763.075
768.475
773.5
778.4
784.175
789.875
795.15
800.525
806.025
810.95
815.9
821.325
871.175
878.7
884.5
890.475
896.075
901.65
907.1
913.025
918.35
923.925
929.1
934.2
939.325
944.85
949.825
955.75
961.175
966.45
972.325
977.925
983.125
988.5
994.1
999.25
1004.6
1010.1
1015.45
1021.05
1026.43
1074.13
1080.93
1087.75
1093.55
1099.83
1105.65
1111.13
1116.28
1121.75
1127.58
1133.25
1138.3
1143.83
1150.1
1155.33
1160.15
1165.7
1171.05
1176.73
1182.05
1187.83
1192.88
1198.6
1203.95
1209.38
1214.73
1220
1225.6
1231.05
1272.85
1280.13
1287.48
1293.5
1299.2
1304.73
1310.15
1316
1321.38
1326.35
1331.43
1337.28
1343.1
1348.7
1354.38
1359.23
1364.58
1369.7
1374.88
1380.1
1385.4
1390.58
1395.85
1401.13
1406.48
1411.8
1416.73
1422.1
1427.08
1432.28
1437.7
1484.8
1490.9
1496.95
1502.65
1508.05
1513.9
1519.13
1524.9
1530.8
1536.63
1542.25
1547.5
1552.78
1557.53
1562.68
1568
1573.1
1578.23
1583.65
1589.28
1594.65
1600.03
1605.53
1610.95
1616.25
1621.35
1626.8
1632.25
1637.38
1642.73
1689.33
1695.68
1702.38
1708.38
1714.6
1719.73
1725.43
1731.18
1736.23
1741.63
1746.95
1752.45
1757.83
1763.78
1769.85
1775.58
1781
1786.48
1791.85
1796.95
1802.18
1807.7
1812.63
1818.13
1823.8
1828.88
1834.15
1839.48
1844.75
1894.18
1900.8
1906.65
1912.65
1918.9
1924.45
1930.38
1936.15
1941.65
1947.25
1952.7
1957.83
1963.18
1968.65
1973.68
1979.13
1984.63
1989.65
1994.53
1999.18
2004.33
2009.6
2014.85
2019.98
2025.25
2030.45
2035.88
2041.2
2046.35
2051.73
2097.93
2104.63
2111.45
2117.28
2123.25
2128.95
2134.08
2139.6
2145.6
2151.83
2156.63
2162.35
2167.13
2172.35
2177.9
2182.95
2188.55
2194.03
2199.58
2204.55
2209.5
2214.6
2219.4
2224.63
2229.93
2235.08
2240.4
2245.23
2250.13
2255.18
2260.63
2306.33
2313.85
2320.3
2326.03
2331.15
2336.8
2342.43
2348.03
2353.9
2359.55
2365.28
2370.48
2376.3
2381.83
2386.88
2392.53
2397.6
2402.98
2408.3
2413.88
2419.55
2424.97
2430.12
2435.22
2440.3
2445.67
2450.75
2455.55
2460.77
2466.35
2517.1
2523.25
2528.9
2534.42
2540.75
2546.35
2551.3
2557.02
2562.42
2567.97
2573.17
2578.42
2583.72
2588.82
2593.82
2599.32
2604.92
2610.22
2615.77
2620.82
2626.72
2632.72
2638.35
2643.3
2648.9
2654.27
2659.12
2664.22
2669.75
2675.32
2719.12
2725.42
2732.02
2738.22
2744.07
2750.1
2755.62
2760.9
2766.72
2772.77
2777.87
2783.15
2788.37
2793.8
2799
2804.35
2809.92
2815.47
2820.77
2826.35
2831.87
2836.97
2842.32
2847.77
2854.1
2860.02
2865.77
2870.92
2875.65
2880.87
2924.55
2931.82
2938.9
2944.95
2950.72
2956.3
2961.67
2967.02
2972.1
2977.35
2983.2
2989.2
2995.02
3000.52
3006.12
3012.1
3017.42
3022.32
3027.5
3032.55
3038.17
3043.45
3048.97
3054.55
3059.82
3064.82
3070.42
3076.12
3081.92
3086.85
3134.15
3140.87
3147.2
3153.6
3158.7
3163.92
3169.47
3175.07
3180.67
3186.22
3192
3197.07
3202.3
3207.45
3213.07
3218.47
3223.6
3229.07
3234.5
3240.02
3245.6
3251.57
3257.02
3262.25
3267.9
3272.72
3277.75
3282.67
3287.52
3292.97
3338.35
3344.7
3350.95
3356.87
3362.62
3368.37
3373.82
3379.35
3384.52
3389.97
3395.45
3400.75
3406.25
3412.15
3417.27
3422.67
3428.3
3433.7
3439.45
3445.02
3450.7
3456
3461.55
3466.92
3471.82
3477
3482.7
3489
3494.3
3542.25
3549.82
3556.67
3562.1
3567.72
3573.22
3579.12
3584.5
3590.17
3595.5
3601.1
3606.37
3612.25
3617.5
3622.67
3628.02
3633.72
3639.17
3644.15
3649.2
3654.37
3659.7
3665.1
3670.75
3675.87
3681.12
3685.92
3691.02
3696.07
3701.45
3754.07
3760.05
3766.12
3771.9
3777.4
3782.97
3788.57
3794.95
3800.4
3806.25
3811.6
3816.62
3821.9
3827.2
3832.65
3837.95
3843.45
3848.8
3854.17
3859.77
3865.5
3870.72
3875.97
3881.9
3887.57
3893.27
3898.75
3903.87
3953.65
3960.22
3966.25
3972
3977.82
3983.15
3989.07
3994.95
4000.5
4005.92
4011.2
4016.12
4021.25
4026.27
4031.45
4036.95
4043.05
4048.3
4053.75
4059.45
4065.42
4071.27
4076.25
4081.75
4087.37
4093.02
4098.47
4104.3
4110.12
4160.17
4167.57
4173.82
4179.92
4185.72
4191.45
4196.27
4201.47
4206.82
4212.1
4217.05
4221.95
4227.22
4232.62
4237.62
4243.2
4248.6
4254.5
4259.97
4265.45
4270.65
4275.6
4281.07
4286.42
4291.52
4297
4302.35
4307.92
4313.62
4320.85
4365.07
4372.07
4378.3
4384.17
4389.95
4396.07
4401.25
4406.4
4411.72
4417.6
4422.82
4427.77
4433.17
4438.5
4444.27
4449.72
4455.32
4460.37
4465.12
4470.12
4475.62
4481
4486.42
4491.62
4497.32
4502.7
4508.05
4513
4518
4523.1
4571.6
4580.62
4586.92
4592.25
4598.3
4604.45
4609.77
4614.82
4620.05
4625.62
4630.72
4636.27
4641.32
4646.7
4651.77
4657.3
4662.67
4668.5
4674.05
4679.57
4685.12
4690.27
4695.65
4701.12
4706.1
4711.47
4716.57
4721.32
4726.4
4780.92
4787.5
4793.87
4799.67
4805.85
4811.37
4816.75
4822.25
4827.62
4833.15
4838.67
4844.02
4849.22
4854.02
4859.35
4864.42
4869.37
4874.87
4880.22
4885.92
4890.97
4896.62
4901.8
4906.95
4912
4917.02
4921.7
4926.72
4931.82
4937.67
4992.02
4998.57
5004.9
5010.85
5017.12
5022.9
5029.22
5034.47
5039.9
5045.22
5050.97
5056.4
5062.17
5067.47
5073.2
5079.12
5084.57
5089.67
5094.87
5100.75
5106.52
5111.77
5117.15
5122.45
5128.07
5133.15
5138.12
5145.32
5153.5
5193.42
5199.87
5206.42
5212.62
5218.42
5223.7
5229.47
5235.02
5240.15
5246.1
5251.57
5257
5263.17
5268.8
5273.7
5279.57
5285.42
5291.05
5297.2
5302.7
5307.7
5312.62
5318.2
5323.45
5328.9
5334.57
5339.72
5345.12
5354.32
5403.02
5409.75
5415.17
5420.72
5426.65
5431.87
5436.97
5442.67
5448.27
5453.75
5459.77
5465.05
5470.25
5475.42
5480.4
5485.62
5490.82
5496.2
5501.92
5507.42
5512.85
5518.4
5523.22
5528.45
5533.77
5539
5544.55
5550.45
5559
5602.37
5608.65
5615.52
5621.47
5626.45
5632.02
5637.25
5642.97
5648.8
5653.85
5658.87
5664.3
5669.5
5674.95
5681.2
5686.65
5692.42
5697.82
5703.47
5708.97
5714.57
5720.02
5725.9
5731.92
5737.1
5742.7
5748
5753.3
5760.35
5767.42
5808.8
5815.35
5822.22
5827.65
5833.25
5838.52
5844.5
5850.25
5855.57
5861.17
5866.45
5871.62
5877.15
5882.42
5887.57
5892.52
5897.7
5903.25
5908.32
5913.27
5918.2
5923.45
5929.02
5934.57
5939.97
5945
5950.17
5955.77
5962.15
5969.75
6015.1
6022.47
6028.3
6034.9
6040.7
6046.17
6051.7
6057.37
6062.55
6067.6
6072.75
6078.42
6084.1
6089.62
6094.75
6100.3
6106
6111.07
6116.57
6122.4
6127.55
6133.22
6138.27
6143.22
6148.3
6153.77
6159.45
6165.35
6173.17
6218.2
6225.17
6231.5
6237.65
6244.1
6249.97
6255.9
6261.9
6267.05
6272.67
6278.05
6284.2
6290
6295.32
6300.65
6305.75
6311.05
6316.65
6322.1
6327.77
6333.15
6338.52
6344
6349.35
6354.32
6359.47
6364.5
6369.77
6376.8
6383.75
6424.02
6430.82
6437.17
6443.37
6450.2
6455.65
6461.25
6466.75
6472.2
6477.92
6483.47
6488.72
6493.9
6499.67
6505.05
6510.1
6515.42
6520.72
6526.62
6531.82
6537.3
6543.25
6548.47
6553.92
6558.97
6564.42
6569.97
6575.97
6583.82
6629.85
6637.2
6643.52
6649.45
6655.25
6660.82
6666.92
6672.57
6677.82
6682.6
6687.67
6692.92
6697.85
6703.2
6708.02
6713.37
6718.85
6724.4
6730.1
6735.52
6740.72
6746.15
6751.35
6756.32
6761.35
6766.4
6771.92
6777.47
6782.7
6790.25
6797.3
6838.82
6846.17
6852.2
6858.15
6863.35
6869.1
6874.75
6880.32
6886.05
6891.55
6896.42
6901.75
6907.3
6912.72
6918.07
6923.4
6929.35
6934.6
6939.75
6945.02
6949.97
6955.07
6960.35
6965.57
6971.1
6977.05
6982.47
6988.02
6995.67
7002.37
7042.75
7050.02
7056.3
7062.7
7068.42
7074.25
7080.07
7085.42
7090.7
7096.05
7101.85
7106.97
7112.07
7117.02
7122.22
7127.5
7132.85
7137.87
7143.5
7148.82
7153.72
7158.92
7164.15
7169.37
7174.87
7180.4
7185.97
7191.07
7198.05
7206.3
7247.97
7255.02
7261.7
7267.92
7273.6
7278.45
7284.07
7290.3
7296.02
7301.7
7307.17
7312.82
7318.67
7323.9
7328.97
7334.47
7339.45
7345.07
7350.07
7355.42
7360.25
7365.47
7370.95
7376
7381.25
7386.45
7392.32
7398.12
7406.42
7457.8
7465.05
7471.2
7477.3
7483.32
7488.92
7494.12
7499.67
7505.72
7511.97
7517.75
7523.22
7528.12
7533.47
7538.77
7544.65
7550.25
7555.85
7561.5
7566.87
7572.1
7577.07
7582.12
7587.2
7592.1
7597.22
7603.1
7609.75
7616.07
7655.47
7662.75
7669.35
7676.87
7682.3
7687.9
7693.27
7698.4
7704.85
7710.57
7716.2
7722
7727.42
7732.6
7738.65
7743.47
7748.62
7754.35
7760.02
7765.92
7771.35
7776.55
7781.75
7787.3
7792.52
7798.22
7803.3
7809.17
7816.42
7823.02
7872
7878.5
7884.27
7890.3
7895.92
7901.27
7906.77
7912.37
7917.62
7923.4
7928.6
7933.85
7939.4
7944.87
7950.32
7955.5
7960.57
7966.02
7971.3
7976.72
7981.87
7987.32
7992.75
7997.97
8003.72
8009.07
8014.42
8020.45
8028.32
8075.65
8082.1
8088.62
8094.77
8100.7
8106.55
8112.05
8117.8
8123
8128.52
8133.55
8138.6
8143.77
8149
8154.32
8160
8165.27
8170.5
8175.75
8181.22
8186.5
8191.95
8197.82
8203.37
8208.35
8213.57
8218.9
8224.32
8231.67
8276.82
8284.7
8291.12
8296.72
8302.42
8307.95
8313.32
8318.45
8324.15
8329.65
8334.85
8340.42
8345.8
8351.6
8357.12
8362.72
8368.75
8374.6
8380.15
8385.7
8391
8396.37
8401.6
8407.02
8412.55
8417.92
8423.6
8428.55
8435.6
8475.65
8483.72
8490.1
8496.2
8501.8
8507.67
8513.3
8519.02
8524.52
8530.07
8535.45
8540.82
8546.17
8551.47
8556.85
8562.22
8567.12
8572.6
8578.15
8583.57
8589.17
8594.72
8600.32
8605.72
8611.42
8616.7
8622.15
8628.3
8633.62
8640.92
8648.17
8693.7
8700.07
8705.7
8712.12
8717.92
8723.55
8729.2
8734.32
8740.07
8745.77
8751.17
8756.55
8761.9
8767.6
8773.22
8778.67
8783.77
8788.95
8794.22
8799.25
8804.2
8809.82
8815.05
8820.07
8825.37
8830.82
8836.3
8841.6
8850.1
8897.9
8904.42
8909.95
8915.75
8921.85
8927.62
8932.9
8938.55
8944.2
8949.92
8955.22
8960.75
8966.55
8971.75
8977.37
8982.65
8988.25
8993.55
8998.5
9003.62
9009.02
9014.2
9019.75
9025.27
9030.25
9035.3
9040.47
9046.07
9053.3
9061.17
9102.8
9109.32
9116.15
9122.2
9128.02
9133.9
9139.45
9144.82
9150.35
9155.75
9160.92
9166.52
9172
9177.5
9183.1
9188.37
9193.17
9198.42
9203.77
9209.05
9214.45
9219.75
9224.77
9230.02
9236.15
9242.15
9247.75
9253.1
9260.57
9267.85
9309.6
9316.95
9322.92
9329
9335.07
9340.55
9346.27
9352.12
9358.12
9363.8
9369.52
9375.52
9380.62
9385.77
9391.45
9397.25
9402.25
9407.52
9412.42
9417.62
9423.1
9428.45
9433.87
9439.05
9444.5
9450.32
9455.75
9461.22
9468.2
9513
9520.47
9527.17
9533.47
9539.12
9544.6
9550.22
9555.87
9561.07
9566.05
9571.27
9576.87
9582.37
9587.8
9593.37
9598.7
9604.32
9609.7
9615.15
9620.55
9625.92
9631.02
9636.35
9641.33
9646.2
9651.98
9658.13
9664.15
9671.98
9683.38
9719.68
9726.03
9732.03
9738.35
9745.15
9751.08
9756.68
9762.4
9767.53
9772.83
9778.03
9783.55
9789.13
9794.55
9799.8
9805.33
9810.75
9816.38
9822.2
9827.38
9832.68
9838.05
9843.55
9849.18
9854.53
9860.43
9865.8
9872
9879.8
9927.1
9933.83
9940.1
9945.85
9952.13
9957.85
9963.48
9968.7
9973.93
9979.13
9984.35
9990.13
9995.43

