43.9
51.2
57.6
63.45
69.375
75.725
81.625
87.15
92.825
98.675
103.5
108.35
113.65
119.125
124.925
129.95
135.15
140.775
146.2
151.425
157
162.525
168.225
173.75
180.325
186.55
192.1
197.7
203.25
208.975
253.6
260.5
266.75
272.625
278.25
283.55
289.5
295.075
300.175
306.025
311.45
317.05
322.775
327.95
333.35
338.95
344.05
349.45
355.075
360.3
365.85
371.05
375.825
380.675
385.475
390.625
396.15
401.35
406.5
412.125
457.4
464.15
469.925
475.425
480.875
486.9
492.425
497.925
503.525
509.05
514.65
519.625
524.925
529.975
535.275
540.5
545.625
551.225
556.85
562.15
567.25
572.5
577.525
582.725
587.85
592.825
598.425
603.9
609.275
614.45
662.725
669.025
675.525
681.05
686.475
691.45
696.875
702.275
707.375
712.725
717.875
723.425
728.775
733.575
738.8
744.175
749.4
754.5
759.45
764.75
770
775.475
780.625
785.9
791.275
796.875
802.475
808.65
814.375
819.75
866.025
872.85
879.15
885.175
891.375
897.4
903.3
908.925
914.45
920.325
925.9
931.625
937.025
942.7
948.275
953.15
958.15
963.275
969.025
974.925
979.95
985.175
990.55
995.775
1000.8
1005.98
1011.43
1017.08
1022.23
1027.68
1075.18
1081.83
1088.25
1094.33
1100.13
1105.35
1110.8
1116.8
1122.03
1127.65
1133.1
1138.68
1143.7
1148.73
1153.53
1158.7
1164.13
1169.48
1174.85
1180.43
1185.43
1190.35
1195.35
1200.7
1205.88
1211.33
1216.8
1222.03
1227.28
1232.55
1275.38
1282.3
1287.95
1293.85
1299.38
1305.1
1310.85
1316.63
1322.2
1327.5
1333.03
1338.7
1344.13
1349.58
1355.18
1360.05
1365.08
1370.7
1376
1381.18
1386.6
1391.88
1397.03
1402.85
1407.85
1412.95
1418.3
1423.8
1429.03
1434.58
1483.68
1490.65
1497.15
1502.75
1508.4
1513.93
1519.43
1524.98
1529.98
1535.18
1540.83
1546.23
1551.6
1556.78
1562.13
1567.78
1573.5
1579.08
1584.08
1589.13
1594.15
1599.2
1604.25
1609.5
1614.63
1619.53
1624.75
1630.63
1635.9
1641.4
1688.18
1695.1
1701.2
1707.18
1713.08
1718.45
1724.38
1729.75
1735.28
1740.8
1746.28
1751.38
1756.95
1762.45
1768.03
1773.38
1778.83
1783.98
1789.18
1795.15
1800.75
1805.98
1810.98
1816.5
1822.05
1827.05
1832.75
1838.18
1843.5
1851.7
1895.15
1901.78
1907.43
1913.33
1919.15
1924.68
1930.15
1935.6
1940.88
1946.55
1951.93
1957.63
1962.95
1968.15
1974.15
1980.38
1985.58
1990.98
1996.8
2002.28
2007.48
2012.8
2018.25
2023.68
2028.8
2034.18
2039.3
2044.65
2050.13
2055.25
2097.05
2104.3
2110.25
2116.58
2122.68
2128.23
2134.4
2140.05
2145.58
2151.08
2156.2
2161.93
2167
2172.83
2177.83
2182.75
2187.53
2192.63
2197.45
2202.6
2207.98
2213.28
2218.83
2224.13
2229.68
2234.93
2241
2246.6
2251.65
2256.93
2263.1
2306.03
2313.2
2320.1
2326.2
2331.83
2337.35
2342.95
2348.7
2353.88
2359.28
2365.2
2370.98
2376.5
2381.98
2387.38
2393.18
2398.85
2404
2409.7
2415.33
2420.27
2425.57
2431.07
2436.37
2441.72
2447.17
2452.8
2458.07
2463.42
2469.2
2513.95
2520.05
2526
2531.75
2537.42
2543.4
2548.85
2554.42
2560.47
2566.47
2572.25
2578.1
2583.62
2589.02
2594.52
2599.77
2605.1
2610.82
2616.15
2622
2627.35
2633.12
2638.55
2643.42
2648.57
2653.95
2659.37
2664.65
2669.85
2675.12
2721.3
2728.2
2734.55
2740.67
2746.15
2752.2
2757.4
2762.97
2768.25
2773.97
2779.42
2784.7
2790.37
2795.72
2800.87
2806.32
2811.97
2817.57
2822.85
2827.65
2832.57
2837.9
2843.2
2848.22
2853.35
2858.7
2864.4
2869.9
2875
2880.55
2926.42
2933.17
2939.5
2945.12
2950.6
2956.25
2961.85
2967.3
2973.27
2978.5
2984.02
2989.62
2995.22
3001.2
3006.52
3012.17
3017.52
3023
3028.12
3033.8
3039.77
3045.42
3050.82
3056.47
3062.52
3067.97
3073.2
3078.42
3083.82
3130.5
3137.32
3142.87
3148.77
3154.4
3160.32
3166.1
3171.75
3176.97
3182.22
3187.07
3192.75
3198
3203.5
3208.9
3214.27
3219.9
3224.77
3229.87
3235.65
3241.37
3246.85
3251.8
3256.87
3262
3267.45
3272.92
3278.22
3283.42
3288.82
3334
3341.17
3347.25
3353.75
3359.57
3365.2
3371.32
3377.45
3382.97
3388.8
3395
3401.22
3406.82
3412.35
3417.6
3422.8
3428.25
3434.05
3439.7
3445.42
3451.07
3456.75
3462.05
3468.05
3473.35
3478.77
3483.67
3489.05
3494.1
3549.92
3556.6
3562.95
3568.77
3574.57
3579.97
3585.15
3590.4
3595.8
3601.05
3606.25
3611.65
3616.85
3621.7
3626.8
3631.9
3637.25
3642.42
3647.57
3652.57
3658.12
3663.12
3668.25
3673.47
3678.5
3683.5
3689.52
3694.6
3699.55
3748.1
3755.62
3761.5
3767.3
3773.52
3780.05
3785.55
3791
3796.35
3801.65
3806.85
3812.47
3818
3823.75
3829.37
3834.65
3839.85
3845.2
3850.82
3856.47
3862.27
3867.47
3872.75
3877.97
3883.25
3888.67
3894.07
3899.2
3904.2
3958.1
3964.55
3971.22
3977.52
3983.62
3989.5
3994.9
4000.47
4006.25
4011.52
4017.57
4022.85
4027.92
4033.32
4038.5
4043.7
4049.1
4054.7
4060.17
4065.6
4071.22
4077
4082.45
4087.65
4093.15
4098.55
4103.87
4109.2
4115.85
4161.47
4169.1
4175.8
4181.52
4186.95
4192.8
4198.72
4204.02
4208.82
4214.02
4218.97
4224.65
4230.35
4236.82
4242.55
4247.97
4254.02
4259.27
4264.37
4269.45
4274.57
4280.35
4285.37
4290.82
4296.37
4301.6
4307.02
4312.12
4317.02
4368.02
4375
4380.4
4386.12
4391.9
4397.87
4403.95
4409.12
4414.7
4420.3
4425.8
4431.22
4436.32
4441.45
4447.35
4452.85
4458.55
4463.62
4468.8
4474.17
4479.75
4485.05
4490.22
4496.17
4501.47
4506.8
4511.85
4517.7
4523.17
4571.62
4577.9
4583.7
4589.9
4595.95
4601.95
4607.05
4613.25
4619.5
4625.07
4630.32
4635.5
4641.07
4646.22
4651.85
4657.47
4663.17
4668.4
4674.02
4679.65
4685.05
4690.65
4695.82
4700.7
4705.92
4711.4
4717.12
4722.47
4727.97
4780.85
4789.25
4795.85
4801.37
4806.7
4812.27
4818.17
4823.47
4828.77
4834
4839.87
4845.07
4850.07
4855.42
4860.47
4865.55
4870.95
4876.1
4881.17
4886.77
4891.97
4897.2
4902.75
4907.9
4913.2
4918.22
4923.45
4928.47
4933.7
4940.27
4986.92
4994.82
5000.92
5007.5
5012.95
5018.5
5024.1
5029.17
5034.85
5040.07
5045.52
5050.85
5056.25
5061.87
5066.6
5071.7
5076.9
5082.35
5087.42
5092.4
5097.55
5102.6
5107.92
5113.02
5119.12
5124.45
5129.87
5135.55
5140.62
5147.87
5193.75
5201.5
5207.47
5213.25
5219.02
5224.3
5230.72
5236.45
5242.4
5248.07
5253.72
5259.37
5264.7
5270.07
5275.42
5280.75
5286.32
5291.4
5296.87
5301.95
5307.5
5312.9
5318.45
5323.92
5329.17
5334.87
5340.45
5345.5
5353.1
5403.6
5410.77
5416.47
5422.72
5428.52
5433.92
5439.85
5445.47
5451.25
5456.67
5461.8
5466.97
5472.12
5477.22
5482.77
5488.52
5493.8
5499.77
5505.25
5510.42
5515.35
5520.67
5525.45
5530.75
5535.85
5540.87
5545.97
5552.52
5558.72
5604.5
5611.15
5617.87
5623.82
5629.8
5635.65
5641.3
5646.95
5652.45
5658.22
5664.27
5670.17
5675.95
5681.25
5686.4
5691.45
5696.7
5702.05
5707.8
5713.27
5718.22
5723.25
5728.82
5734.4
5739.52
5744.77
5750.25
5756.57
5765.05
5810.45
5818.1
5824.37
5830.87
5836.45
5842.05
5847.3
5852.57
5857.82
5863.2
5868.57
5874.07
5879.62
5884.97
5891
5896.4
5902.42
5907.7
5913.42
5919.15
5924.7
5930.17
5935.75
5941.32
5946.5
5951.5
5956.65
5963.17
5971.15
6012.1
6018.67
6025.75
6031.8
6038.47
6043.87
6049.15
6054.65
6060.12
6065.95
6071.25
6076.45
6081.4
6086.52
6091.95
6097.47
6102.57
6107.95
6113.1
6118.2
6123.17
6128.35
6133.82
6138.82
6143.97
6149.05
6154.45
6159.7
6165.47
6172.7
6217.87
6224.15
6230.07
6235.92
6241.45
6247.45
6253.07
6258.3
6263.6
6268.97
6274.07
6279.3
6284.62
6289.7
6294.62
6299.82
6304.95
6310.5
6315.67
6320.65
6326.07
6331.27
6336.82
6341.95
6347.15
6352.27
6357.07
6362.17
6367.62
6373.47
6380.75
6422.25
6429.65
6435.8
6441.97
6448.52
6453.87
6459.1
6464.25
6469.42
6474.97
6480.45
6485.97
6491.2
6496.35
6501.32
6506.12
6511.57
6517
6522.42
6527.55
6533.27
6538.5
6543.85
6549.5
6554.92
6560.62
6566.05
6571
6576.2
6583.67
6590.32
6629.62
6636.67
6643.2
6649.4
6654.57
6659.82
6664.9
6670.4
6675.65
6681.22
6686.27
6691.65
6696.97
6702.95
6708.7
6714.22
6719.6
6724.85
6730.45
6736.25
6741.5
6746.6
6751.7
6757.4
6762.97
6768.5
6774.17
6779.22
6784.97
6791.62
6838.7
6845.42
6851.3
6857.47
6863.52
6869.05
6874.57
6880
6885.65
6891.65
6897.17
6903.25
6908.87
6914.52
6919.8
6924.85
6930.5
6935.55
6940.7
6946.05
6951.22
6956.65
6962.52
6968.02
6973.32
6978.62
6983.77
6989.12
6995.8
7042.8
7049.65
7055.75
7061.07
7066.97
7072.6
7078.55
7083.95
7089.77
7095.5
7100.77
7106.22
7111.77
7117.15
7122.37
7127.65
7132.77
7137.9
7142.92
7148.2
7153.3
7158.2
7163.32
7168.57
7173.77
7178.85
7183.8
7189.15
7194
7201.05
7207.7
7245.55
7252.27
7258.05
7264.25
7270
7275.25
7281
7286.5
7291.87
7297.15
7303.1
7308.77
7314.57
7319.77
7325.2
7330.85
7336.27
7341.55
7346.7
7352.15
7357.4
7363.22
7369.37
7374.25
7379.52
7384.52
7389.67
7395.05
7400.95
7407.52
7452.75
7459.47
7465.82
7471.15
7476.82
7482.3
7487.57
7492.65
7497.47
7502.95
7508.2
7513.82
7519.05
7524.25
7529.3
7534.47
7539.82
7545.57
7551.15
7556.65
7561.95
7567.25
7572.47
7578.27
7583.5
7588.67
7594.12
7599.1
7604.17
7611.45
7618.27
7658.62
7665.2
7671.9
7677.9
7684.17
7690.4
7695.67
7700.67
7706.12
7711.45
7717.15
7722.62
7727.95
7733.3
7738.3
7743.15
7747.92
7753.05
7758.45
7763.77
7769.3
7774.6
7780.32
7785.9
7790.87
7795.97
7801.35
7807.07
7812.17
7820.85
7867.35
7873.45
7879.15
7885.52
7891.37
7896.85
7902.4
7907.55
7912.9
7918.27
7923.75
7929.02
7934.37
7939.67
7945.22
7950.4
7955.6
7961.02
7966.22
7971.72
7976.67
7981.6
7986.6
7992.05
7997.45
8002.32
8007.77
8012.87
8018.45
8025.72
8071.95
8078.62
8084.95
8091.25
8096.97
8102.42
8108.3
8113.57
8118.55
8123.7
8128.77
8134.62
8139.75
8144.82
8150.3
8155.62
8160.7
8165.8
8171.02
8177.35
8182.97
8188
8193.07
8198.57
8204.55
8210.62
8216.8
8222.1
8230.72
8279.8
8287.17
8293.5
8299.3
8304.62
8309.97
8315.47
8321.15
8326.85
8332.65
8338.27
8343.92
8349.42
8355.07
8360.35
8365.45
8371.12
8376.17
8381.22
8386.35
8391.4
8396.75
8402.12
8407.6
8412.75
8418.07
8423.6
8428.97
8436.6
8484.42
8491.1
8497.8
8503.72
8509.25
8515.42
8520.55
8526.02
8531.57
8536.77
8541.67
8546.92
8552.27
8557.4
8562.9
8568.35
8573.75
8579.42
8584.72
8589.95
8595.25
8600.85
8606.37
8611.72
8616.8
8621.82
8626.55
8631.65
8637.72
8644.77
8689.8
8696.4
8702.65
8708.92
8714.6
8720.07
8725.17
8730.32
8736.02
8741.72
8746.97
8752.25
8757.57
8762.75
8767.87
8772.85
8778.27
8783.65
8788.65
8793.97
8799.72
8805.65
8810.87
8816.12
8821.07
8826.3
8831.57
8836.77
8842.37
8848.9
8858.75
8896.85
8903.77
8909.92
8915.82
8921.15
8926.65
8931.67
8936.95
8942.4
8947.77
8952.5
8957.77
8963.42
8969.02
8974.55
8980.2
8985.52
8990.95
8996.6
9001.87
9007.35
9012.35
9018.22
9023.9
9029.15
9034.52
9039.85
9044.85
9050.2
9056.7
9102.25
9109.3
9116.42
9121.92
9127.42
9133.2
9138.5
9143.22
9148.47
9153.95
9159.07
9164.02
9169.2
9174.02
9179.65
9184.85
9190.5
9196.35
9201.8
9206.9
9212.15
9217.57
9222.7
9228.5
9234.47
9239.75
9245.25
9250.42
9255.35
9262.7
9312.25
9318.35
9324.07
9329.95
9335.82
9341.55
9347.05
9353.07
9358.82
9364.67
9369.82
9375.62
9381.4
9386.72
9391.82
9396.95
9401.92
9406.67
9411.62
9417.2
9422.82
9428.42
9433.5
9438.37
9444.12
9449.57
9454.75
9460.7
9469.52
9519.07
9525.6
9531.9
9537.75
9543.52
9548.77
9553.95
9559.45
9565.57
9570.92
9576.85
9582.57
9588.22
9593.52
9598.9
9603.75
9609.02
9614.17
9619.4
9624.8
9630.15
9635.52
9640.9
9646.25
9651.95
9657.13
9662.5
9669.5
9676.43
9721.18
9727.75
9733.95
9739.13
9744.65
9749.9
9755.75
9761.35
9766.73
9772.83
9778.23
9783.25
9788.38
9793.98
9799.6
9804.58
9809.3
9814.28
9819.53
9824.65
9829.75
9835.1
9840.25
9845.7
9851.45
9856.63
9862.28
9867.88
9873.95
9881.63
9926.7
9933.28
9939
9944.85
9951
9956.9
9961.95
9967.5
9972.95
9978.38
9983.78
9989.15
9994.33

