46.475
54.2
60.375
66.025
71.975
77.975
83.8
89.375
95.65
101.45
106.725
111.925
117.275
122.875
127.925
133.25
138.575
144.2
149.35
154.325
159.7
165.2
170.7
176.325
181.975
187.275
192.425
197.1
202.35
208.225
250.975
257.875
264.4
270.925
277.4
283.675
289.9
295.85
301.675
307.05
312.6
317.975
323.35
328.875
334.2
339.3
344.35
349.225
354.075
359.475
365.3
371.075
376.475
381.975
387.35
392.725
397.725
402.775
408.025
413.1
456.425
462.9
468.6
474.25
480.175
486.225
492.525
498.75
504.15
509.075
514.15
519.475
524.475
529.7
535.175
540.3
545.55
550.775
555.95
561.5
567.1
572.75
577.975
583.675
589.425
595.05
600.5
606.175
612.45
619.3
660.475
667.775
674.425
680.35
686.95
692.975
698.85
704.55
709.725
714.95
720.1
725.925
731.375
736.55
741.925
747.375
753.375
758.825
764.3
769.775
774.8
780.3
785.6
790.95
796.2
801.3
806.6
811.9
817.65
823.375
866.675
872.95
879.05
884.85
891.275
897.2
902.6
908.275
913.675
919.075
924.625
930.55
936.075
941.5
946.375
951.8
956.75
962.15
967.375
972.975
978.575
983.65
989
994.225
999.475
1004.4
1009.75
1015.15
1020.58
1025.9
1072.03
1077.85
1083.45
1089.65
1095
1100.6
1106.33
1111.5
1116.33
1121.4
1126.63
1132.38
1137.98
1143.15
1148.75
1154.05
1159.4
1164.73
1169.85
1175.2
1180.98
1186.35
1191.75
1196.83
1201.98
1207.58
1212.83
1218.18
1223.5
1229.1
1276.5
1283.08
1288.93
1294.7
1300.73
1307.08
1312.48
1317.78
1322.85
1328.4
1333.75
1339.48
1344.68
1349.58
1355.15
1361.4
1367.08
1372.4
1377.25
1382.55
1387.55
1392.68
1398
1403.33
1408.9
1414.73
1419.88
1425.15
1430.5
1436.13
1482.45
1489.4
1496
1502.28
1508.28
1514.18
1519.98
1525.5
1530.68
1535.58
1540.93
1546.25
1551.43
1556.55
1561.4
1566.85
1572.2
1577.5
1582.18
1587.2
1592.35
1597.58
1602.93
1608.15
1613.3
1618.9
1624.48
1629.58
1635.08
1640.08
1691.88
1698.33
1704.33
1709.88
1715.85
1721.78
1727
1732.48
1738.03
1743.23
1748.35
1753.43
1758.38
1763.3
1768.48
1773.9
1779.08
1783.98
1789
1794.15
1799.53
1804.88
1810.18
1815.33
1820.63
1825.98
1831.6
1837.05
1842.78
1848.03
1893.35
1899.6
1906.13
1911.8
1918.68
1924.75
1930.25
1935.73
1941.38
1946.6
1952.1
1958.03
1963.43
1968.63
1974.23
1979.3
1984.48
1989.48
1994.23
1999.43
2004.73
2010.18
2015.23
2020.2
2025.73
2031.03
2036.23
2041.4
2046.38
2051.55
2097.28
2104.88
2110.9
2117.15
2123.65
2128.85
2134.38
2140.13
2145.25
2150.93
2156.28
2161.28
2166.6
2171.73
2176.78
2182.23
2187.3
2192.2
2196.98
2202.18
2207.75
2213.2
2218.63
2223.88
2229.05
2234.43
2239.35
2244.53
2249.55
2255.4
2260.85
2305.48
2312.05
2318.4
2324.25
2330.15
2336.2
2342.15
2347.9
2353.83
2359.33
2365.4
2370.93
2376.2
2381.45
2386.9
2392.43
2397.8
2403.13
2408.43
2413.93
2418.8
2424.35
2430.35
2435.8
2441.35
2446.32
2451.85
2457.12
2462.27
2467.5
2515.32
2523.32
2529.72
2535.65
2541.32
2547.07
2552.12
2557.2
2562.27
2567.75
2573.25
2578.82
2584.72
2590.07
2595.5
2601.37
2607.07
2612.47
2617.42
2622.92
2628.35
2633.72
2639.12
2644.47
2650.22
2655.37
2660.57
2665.62
2670.47
2676.42
2717
2723.6
2730.15
2735.97
2742.15
2747.97
2753.17
2758.42
2764.7
2770.15
2775.97
2781.42
2786.55
2791.52
2796.97
2802.12
2807.32
2812.92
2818.4
2823.97
2829
2834.57
2840
2845.22
2850.55
2855.87
2861.25
2866.62
2871.82
2876.95
2882.45
2929.02
2935.42
2942.82
2948.75
2954.42
2959.92
2966.47
2972.07
2978.2
2983.35
2988.42
2993.55
2998.5
3004.25
3009.52
3014.87
3020.55
3025.77
3031.07
3036.05
3041.45
3046.82
3052.35
3057.52
3063.05
3068.42
3073.87
3080.2
3086
3128.45
3135.35
3141.65
3147.22
3153.05
3158.75
3164.2
3169.62
3175.22
3180.47
3185.9
3191.07
3196.57
3201.52
3206.7
3211.55
3216.57
3221.52
3226.25
3231.62
3237.25
3242.5
3247.7
3253.57
3259.57
3265.3
3270.7
3275.95
3281.22
3286.45
3291.42
3337.72
3345.1
3351.4
3357.5
3363.25
3369.4
3375.35
3381.15
3387.25
3392.47
3397.32
3402.65
3408.47
3413.47
3418.85
3423.95
3428.85
3433.97
3439.47
3444.97
3450.2
3455.07
3460.6
3465.57
3471.42
3476.9
3482.12
3487.7
3492.8
3498.77
3545.15
3552.37
3558.37
3563.92
3569.65
3575.75
3581.67
3587.2
3592.67
3598.05
3603.27
3608.97
3614.5
3620
3625.97
3631.15
3637
3642.2
3647.65
3653.35
3658.75
3663.97
3669.1
3674.15
3679.95
3685.17
3690.6
3696.25
3701.8
3749
3755.8
3762.02
3767.52
3774.27
3779.52
3785.17
3791.15
3796.57
3801.87
3807.45
3812.87
3818.27
3824.3
3829.3
3834.32
3839.52
3845.02
3850.45
3856.27
3861.77
3867.17
3872.32
3877.67
3882.92
3888.32
3893.82
3898.95
3903.85
3911.17
3953.82
3960.37
3966.97
3972.75
3978.4
3984
3989.65
3994.75
4000.12
4005.87
4011.35
4016.87
4022.8
4028.25
4033.8
4039.37
4045.3
4050.57
4055.42
4060.67
4065.7
4071.52
4076.75
4082.07
4087.27
4092.7
4098.42
4103.92
4109.37
4161.42
4169.87
4176.35
4182.07
4188.27
4194.2
4199.27
4204.67
4210.12
4215.35
4220.55
4226.52
4231.85
4237.45
4242.95
4248.1
4253.77
4259.42
4264.45
4269.7
4275
4280.2
4285.7
4290.77
4296
4301.95
4307.37
4312.4
4317.87
4365.45
4372.32
4378.25
4384.12
4389.87
4395.47
4401.05
4406.6
4412.3
4417.75
4423.07
4427.9
4433.42
4439.12
4444.32
4449.6
4454.87
4460
4465.55
4471
4476.32
4481.57
4487.07
4492.35
4497.82
4503.07
4508.52
4513.72
4518.72
4526.7
4577.32
4584.6
4590.57
4596.55
4602.75
4609.02
4614.5
4619.87
4625.77
4630.62
4636.1
4641.77
4647.22
4652.47
4657.52
4662.65
4668.07
4673.62
4679.17
4684.67
4689.8
4695.1
4700.5
4706.3
4711.62
4717.32
4722.25
4727.3
4776.3
4783.67
4790.8
4796.45
4801.75
4807.22
4813.12
4818.65
4824.1
4829.37
4834.57
4840.07
4845.47
4850.65
4856.35
4862.02
4867.77
4873.1
4878.6
4883.87
4889.12
4894.22
4899.6
4905.07
4910.95
4915.97
4920.8
4926.3
4932.1
4938.57
4986.62
4993.52
4999.9
5006.37
5012.4
5017.95
5023.85
5029.6
5034.92
5040.15
5046.17
5051.7
5057.32
5063.02
5068.52
5074.77
5080.02
5085.07
5090.1
5095.27
5099.9
5104.77
5110
5115.37
5120.57
5125.65
5130.95
5136.17
5142.1
5148.85
5190.17
5197.15
5204.5
5210.52
5216.5
5222.07
5227.47
5233.37
5238.92
5244.25
5249.75
5254.95
5259.9
5265.12
5270.55
5275.95
5281.57
5287.12
5292.3
5297.32
5302.37
5307.72
5312.77
5318
5323.37
5328.97
5334.6
5340.3
5345.67
5352.72
5400.7
5407.67
5414.57
5420.32
5426.3
5431.77
5437.27
5442.55
5447.47
5453.25
5458.4
5463.62
5468.8
5474.07
5479.65
5484.92
5490.57
5495.85
5500.95
5506.52
5512.35
5517.72
5523.15
5528.27
5533.65
5539.37
5544.7
5550.7
5558
5606.65
5613.32
5619.92
5626.15
5631.85
5637.7
5642.7
5648.3
5653.7
5659.4
5664.65
5669.65
5675.2
5680.57
5685.57
5690.8
5695.97
5700.85
5706.27
5711.5
5716.37
5721.47
5726.8
5732.3
5737.72
5743.2
5748.4
5754.57
5762.6
5808.65
5816.35
5822.6
5828.2
5833.75
5839.57
5845.15
5850.57
5855.87
5861.9
5867.95
5873.42
5878.87
5883.75
5888.87
5893.75
5898.7
5903.97
5909.72
5914.95
5920.42
5925.72
5931.27
5936.75
5942.05
5947.37
5952.9
5958.07
5965.67
5973.1
6016.37
6023.3
6029.3
6034.65
6040.35
6045.9
6050.97
6056.32
6061.47
6066.77
6072.17
6077.72
6083.07
6088.57
6094.67
6100.72
6106.32
6111.55
6116.32
6121.32
6126.5
6131.95
6137.55
6142.82
6148.15
6153.65
6159.1
6165.2
6173.15
6220.55
6227.77
6234.3
6240
6245.55
6250.95
6256.57
6261.95
6267.32
6273.55
6278.9
6285.02
6290.85
6296.15
6301.15
6306.75
6312.17
6317.05
6322.1
6327.1
6332.3
6337.45
6342.87
6348.05
6353.25
6359
6364.32
6369.55
6376.67
6383.37
6425.17
6431.95
6437.77
6443.47
6449.02
6454.35
6460.65
6466.05
6471.55
6476.65
6482.17
6488
6494.12
6500.27
6505.7
6511.2
6517.4
6522.85
6527.87
6532.45
6536.9
6542.3
6547.42
6553
6558.05
6563.27
6568.82
6574.15
6580.55
6587.4
6634.27
6641.07
6647.62
6653.45
6659.15
6664.4
6669.82
6675.07
6680.15
6685.8
6690.92
6696
6701.62
6707.27
6712.62
6717.65
6723.1
6728.97
6734.52
6739.82
6745.17
6751.02
6756.57
6761.6
6766.77
6772.27
6777.37
6782.27
6789.97
6797.15
6836.52
6843.35
6848.7
6854.32
6860.37
6865.87
6871.3
6877.2
6882.7
6888.45
6894.17
6899.35
6904.6
6910.17
6915.97
6921.27
6926.97
6932.32
6937.72
6943.12
6948.6
6953.65
6958.85
6964.15
6969.5
6974.87
6980.37
6985.6
6991.2
6997.1
7042.12
7049.6
7055.9
7061.4
7067.1
7072.7
7078.02
7083.47
7088.95
7094
7099.32
7104.87
7109.97
7115.7
7122.02
7127.82
7133.42
7138.9
7144.57
7150.15
7155.27
7160.65
7165.82
7171.4
7177.4
7183.55
7188.77
7194.02
7200.9
7207.3
7248.6
7255.62
7261.62
7267.65
7273.62
7279.5
7285.25
7290.85
7296.52
7301.8
7307.47
7313.17
7318.57
7323.45
7329.07
7334.35
7339.27
7344.4
7349.62
7354.77
7360.02
7365.25
7370.47
7375.97
7381.1
7386.27
7391.52
7396.72
7403.25
7411.35
7454.8
7461.7
7467.85
7473.47
7479
7484.35
7489.5
7495.27
7500.22
7505.2
7510.62
7515.95
7521.7
7526.85
7532.02
7537.17
7542.97
7548.57
7553.92
7559.02
7564.67
7570.45
7575.72
7581.12
7586.52
7591.52
7596.6
7601.57
7606.67
7615.35
7662.85
7670.57
7676.17
7682.17
7688.3
7693.95
7699.12
7704.8
7710.15
7715.77
7721.4
7727.07
7732.47
7737.52
7742.65
7747.35
7752.07
7757.1
7762.15
7767.2
7772.3
7777.92
7783.15
7788.17
7793.27
7799.1
7804.7
7810.5
7818.07
7824.92
7865.57
7873.15
7879.05
7884.85
7890.65
7896.2
7901.5
7906.72
7912.17
7917.6
7923.17
7928.5
7933.9
7939
7944.32
7949.97
7955.82
7961.4
7966.55
7971.82
7977.35
7982.9
7988.45
7993.85
7999.05
8003.85
8009
8014.92
8020.7
8027.95
8073.65
8081.37
8087.45
8093.67
8099.72
8105.82
8111.35
8116.8
8122.02
8127.62
8133
8138.3
8143.35
8148.57
8153.82
8159.05
8164.42
8170.02
8175.77
8180.9
8186.12
8192
8197.5
8202.45
8207.47
8212.67
8217.87
8223.47
8230.65
8275.57
8282.52
8289.2
8295.42
8301.67
8307.45
8313.42
8318.85
8324.55
8330
8335.72
8340.85
8346.22
8351.9
8357.85
8363.5
8369.4
8374.87
8380.6
8386.95
8392.17
8398
8403.02
8408.2
8413.67
8418.82
8424.22
8429.5
8436.7
8481.02
8487.35
8493.4
8499.35
8505.82
8512.27
8518.12
8523.52
8529.47
8534.7
8540.12
8545.57
8550.6
8555.42
8560.35
8565.45
8570.67
8576.15
8581.8
8586.82
8592.47
8597.7
8603.25
8608.97
8614.1
8619.65
8625.25
8630.65
8636.6
8643.5
8695.3
8701.97
8707.85
8713.32
8718.92
8724.45
8730.37
8735.77
8741.1
8746.87
8752.12
8757.9
8763.27
8768.6
8774.3
8780.02
8785.3
8790.7
8795.67
8800.92
8805.7
8810.95
8816.2
8821.55
8826.82
8832.35
8838.17
8844.17
8850.82
8899.97
8907.27
8913.52
8919.75
8925.5
8932.07
8938.27
8944.6
8949.8
8955
8960.57
8965.82
8971
8976.15
8981.37
8986.45
8991.95
8997.15
9002.42
9008.05
9014.07
9019.27
9024.87
9029.85
9035.12
9040.45
9045.92
9053.3
9060.32
9106.12
9112.52
9118.15
9123.72
9130.35
9136.05
9141.17
9146.52
9151.77
9157.65
9163.1
9168.32
9173.1
9177.92
9182.87
9187.97
9193.32
9198.77
9204.07
9208.95
9214.15
9219.8
9225.17
9230.42
9235.9
9240.8
9245.85
9251.52
9256.9
9263.6
9310.27
9317
9323.85
9329.22
9335
9341.67
9347.07
9352.62
9358.52
9363.8
9369.15
9374.47
9380.42
9385.87
9391.52
9396.82
9401.97
9407.22
9412.22
9417.72
9423.07
9428.45
9433.85
9439.3
9444.47
9449.72
9454.87
9459.9
9466.62
9516.3
9523.55
9529.9
9535.87
9541.7
9547.07
9552.05
9557.57
9563.37
9568.47
9573.4
9578.97
9584.35
9590.2
9595.82
9601.75
9607.67
9613.1
9618.22
9623.12
9628.05
9633.65
9638.73
9644.3
9649.33
9654.4
9659.58
9664.63
9672.48
9720.9
9727.25
9732.9
9738.8
9744.63
9750.08
9756.08
9761.48
9766.43
9771.83
9777.3
9782.6
9788.13
9793.28
9798.75
9804.48
9810.08
9815.18
9820.65
9825.65
9830.75
9835.98
9841.83
9847.48
9853.25
9859.13
9864.55
9870.2
9877.68
9884.18
9929.73
9936.25
9941.73
9948.08
9954.03
9959.75
9965.63
9971.23
9976.55
9982.18
9987.43
9992.83
9997.95

