48.875
55.025
61.2
67.5
72.675
77.975
83.65
90.2
95.325
101.3
106.9
112.775
118.15
123.675
129.375
134.975
140.1
145.475
151
156.3
161.1
166.075
171.725
177.55
182.65
188
193.525
198.875
204.05
253.4
259.95
265.725
271.425
277.125
282.575
288.375
294.25
299.575
305.15
311.025
316.175
321.65
327.2
331.8
337
342.7
348.275
353.325
358.375
363.725
369.575
375.25
380.45
385.775
391.025
396.25
401.7
406.825
412.525
457.625
464.55
470.8
476.55
482.2
487.425
492.775
497.825
502.925
509.35
515.175
520.6
525.675
531.525
537.25
542.675
548.1
553.475
559.2
564.6
569.325
574.6
580.975
586.3
591.55
596.725
602.2
607.3
613.275
658.875
667.125
673.25
679.575
685.125
690.575
695.9
701.2
706.65
712.65
718.75
724.3
729.9
735.6
741.175
746.4
751.4
756.275
761.45
766.775
772.125
777.325
782.4
787.925
793.125
798.325
804.1
810.1
815.75
821.125
870.15
877.15
883.55
889.9
895.825
901.5
907.9
913.275
918.75
924.075
929.325
934.55
939.825
945.225
950.4
956.175
962.2
967.45
973.1
978.275
983.9
989.5
995.375
1000.95
1006.13
1011.23
1016.38
1021.75
1027.38
1070.53
1076.8
1083.3
1089.33
1095.38
1100.83
1106.85
1112.23
1118.08
1123.65
1129.13
1134.38
1139.68
1144.88
1150.28
1155.45
1160.4
1165.9
1171.3
1176.65
1181.7
1187.78
1193.08
1198.48
1204.1
1209.85
1215.35
1221.5
1226.98
1232.33
1278
1284.45
1290.73
1296.38
1302.35
1308.5
1314.35
1320.48
1326.45
1331.9
1337.23
1342.53
1347.85
1353.33
1358.78
1363.95
1369.05
1373.9
1379.33
1384.43
1390.65
1396.55
1402.13
1407.68
1413.05
1418.13
1423.33
1429.28
1434.95
1485.75
1492.2
1498
1504.03
1509.28
1515.4
1520.75
1526.2
1531.55
1536.85
1541.7
1546.75
1551.68
1557.35
1562.78
1568.53
1574.15
1579.53
1585.08
1590.63
1596.38
1601.95
1607.38
1612.78
1618.15
1623.43
1629.25
1635.03
1640.55
1689.93
1697.3
1703.4
1709.05
1714.53
1720.5
1726.7
1732.2
1737.43
1743.08
1748.85
1754.48
1759.98
1765.15
1770.25
1775.35
1780.6
1785.58
1791.23
1796.68
1802.05
1807.2
1812.5
1817.83
1822.98
1828.08
1833.03
1838.83
1844
1849.48
1897.25
1904.28
1910.35
1915.9
1921.65
1927.3
1933
1938.38
1943.65
1949.03
1954.55
1960.2
1965.38
1970.78
1976.25
1981.5
1987.08
1992.35
1997.7
2002.95
2008.05
2012.88
2018.18
2023.25
2028.43
2033.48
2038.53
2043.55
2048.8
2054.05
2097.38
2104.23
2111.15
2117.4
2122.78
2128.65
2134.23
2139.5
2145.43
2150.85
2156.65
2162.08
2167.68
2172.9
2177.73
2183.03
2188
2193.23
2198.63
2204.13
2209.3
2214.38
2219.58
2224.98
2230.28
2235.48
2240.5
2245.83
2251.4
2256.68
2261.45
2306.38
2313.3
2319.25
2325.5
2331.08
2336.33
2341.78
2347.08
2352.83
2358.63
2363.53
2368.33
2373.65
2378.95
2384.1
2389.58
2394.65
2399.98
2405.08
2410.53
2416.32
2421.8
2427.2
2432.8
2438.32
2443.12
2448.37
2453.65
2459.47
2465.15
2515.4
2522.47
2528.65
2534.27
2539.92
2545.15
2550.9
2556.9
2562.4
2567.4
2573.32
2578.72
2584.05
2589.25
2594.47
2599.87
2605.37
2611.22
2616.75
2622
2627.37
2632.62
2638.25
2643.6
2648.77
2653.97
2659.37
2664.7
2670.05
2675.3
2719.05
2725.9
2732.67
2738.95
2744.67
2750.52
2755.92
2761.85
2768.37
2773.97
2779.6
2784.85
2790.32
2795.75
2801.07
2806.37
2811.7
2816.7
2821.9
2827.4
2833.02
2838
2842.9
2848.2
2853.05
2858
2863.42
2868.72
2874.07
2879.17
2927.62
2934.52
2940.27
2945.97
2951.87
2957.72
2963.25
2968.57
2974.15
2979.95
2985.37
2990.65
2995.87
3001.5
3007.12
3012.4
3017.9
3023.22
3028.82
3034.27
3040
3045.3
3050.6
3055.72
3061.42
3066.92
3071.8
3076.75
3082.07
3087.4
3131
3138.02
3143.97
3149.97
3156.27
3162.05
3167.65
3173.1
3178.6
3183.87
3189.35
3194.92
3200.15
3205.42
3210.72
3216.05
3221.22
3226.35
3231.4
3237.45
3243.32
3248.5
3253.77
3259.05
3264.7
3269.97
3275.17
3280.57
3285.75
3291.2
3338.57
3345.2
3351.67
3357.3
3362.95
3368.07
3373.75
3379.62
3385.4
3390.62
3395.75
3401.05
3406.32
3411.72
3417.32
3422.9
3428.25
3433.77
3439.27
3445.55
3450.92
3456.65
3461.55
3466.65
3472.02
3477.27
3482.45
3487.07
3492.2
3497.52
3545.4
3552.32
3558.55
3564.1
3569.42
3575.2
3580.87
3586.15
3591.72
3597.12
3602.8
3608.05
3613.42
3619
3624.4
3629.67
3635.75
3641.52
3646.82
3652.4
3658.2
3663.55
3668.97
3674.07
3679
3684.37
3689.97
3695.45
3700.72
3749.37
3756.27
3762.25
3768.97
3774.25
3780.02
3785.87
3791.15
3796.8
3801.85
3807.15
3812.77
3818.5
3824.1
3829.55
3834.92
3840.37
3845.6
3850.82
3856.62
3862.15
3867.57
3872.6
3878.4
3883.87
3888.95
3894.3
3899.97
3905.2
3954.12
3961.15
3967.5
3973.8
3979.45
3984.82
3990.57
3996.1
4001.45
4006.95
4012.02
4017
4022.57
4028.12
4033.47
4038.97
4044.55
4049.75
4055.12
4060.5
4065.55
4071.1
4076.15
4081.25
4086.5
4092.07
4097.17
4103.07
4108.72
4114.35
4160.05
4167.7
4173.6
4179.47
4185.7
4191.52
4197.02
4203.45
4209.1
4214.77
4220.15
4225.55
4231.37
4236.87
4242.5
4247.75
4253.27
4258.6
4264.17
4269.47
4274.55
4280.22
4285.4
4290.62
4295.57
4300.85
4305.67
4310.67
4316.1
4369.4
4375.8
4381.12
4386.9
4392.37
4397.4
4402.85
4408.65
4414
4419.47
4425.07
4430.42
4435.57
4440.52
4445.3
4450.32
4455.75
4460.75
4466.15
4471.52
4477
4482.52
4487.55
4492.65
4498.12
4503.52
4508.77
4513.8
4519
4525.92
4570.45
4578.05
4584.32
4590.17
4596.52
4602.47
4608.3
4614.12
4619.6
4624.7
4630.15
4635.85
4640.85
4646.4
4651.5
4657.1
4662.55
4667.82
4673
4678.45
4683.85
4689.22
4694.47
4700.07
4705.5
4711.05
4716.55
4722
4727.57
4780.75
4787.22
4793.17
4798.8
4804.45
4810
4815.57
4821.17
4826.6
4832.87
4838.22
4843.9
4849.4
4855.05
4860.2
4865.55
4870.5
4876
4881.42
4886.85
4892.4
4897.8
4902.87
4907.72
4913.02
4918.17
4923.52
4928.72
4933.87
4941.9
4989.6
4995.75
5001.75
5008.52
5014.45
5020.25
5025.87
5031.05
5036.97
5042.57
5047.95
5053.42
5059.47
5064.77
5069.9
5075.45
5080.3
5085.9
5091.2
5096.55
5101.45
5106.4
5111.75
5117.12
5122.42
5127.67
5133
5138.37
5145.15
5155.67
5195.82
5202.55
5209.7
5215.87
5221.55
5227.35
5232.65
5238.7
5244.22
5249.6
5254.8
5260.32
5266.05
5271.8
5277.42
5282.97
5289.25
5294.75
5300.55
5306.17
5311.22
5316.4
5321.37
5326.05
5331.02
5336.2
5341.52
5347.2
5355.85
5400.47
5406.47
5412.77
5418.85
5424.27
5430.1
5435.35
5440.57
5445.92
5451.85
5457.72
5462.67
5467.8
5472.67
5478.2
5483.47
5488.12
5493.07
5498.47
5504.05
5510
5515.7
5521.45
5527.45
5532.7
5538.57
5544.4
5550.15
5556.95
5605
5611.9
5617.97
5624.02
5629.97
5635.35
5640.77
5645.97
5651.25
5656.22
5661
5665.8
5670.67
5676.02
5681.52
5687.05
5692.9
5698.4
5703.65
5709.02
5714.17
5719.22
5723.97
5729.37
5734.87
5740.7
5745.87
5751.32
5758.82
5766.95
5807.45
5814.22
5820.55
5826.52
5831.97
5837.57
5843.05
5848.52
5853.65
5859.12
5864.47
5869.97
5875.3
5880.92
5886.52
5892.05
5897.52
5903.22
5908.47
5913.65
5919
5924.42
5929.87
5934.97
5940.5
5945.82
5951.65
5957.05
5963.22
5970.57
6012.45
6019.25
6026.02
6031.7
6037.35
6042.87
6048.47
6054.02
6059.15
6064.77
6070.42
6076.52
6082.15
6087.52
6093.4
6099.02
6104.65
6110.27
6115.25
6120.35
6125.65
6131.42
6136.87
6142.72
6148.15
6153.65
6159.22
6164.37
6173.57
6221.87
6228.65
6234.87
6241.42
6247.07
6252.62
6258.1
6263.3
6268.1
6273.47
6278.82
6284.6
6290.1
6295.95
6301.97
6307.82
6312.8
6318.45
6324
6329.22
6334.65
6340.3
6345.65
6351.17
6356.25
6361.42
6366.47
6371.4
6379.05
6427.4
6433.7
6439.85
6445.42
6451.65
6457.07
6462.72
6468.4
6473.75
6478.52
6483.87
6488.72
6493.82
6499.2
6505
6510.25
6515.62
6521.17
6526.52
6532.47
6537.75
6543.37
6548.95
6554.22
6559.35
6564.67
6569.57
6574.9
6581.4
6588.17
6631.6
6638.55
6644.8
6650.65
6656.07
6661.65
6666.97
6672.17
6677.05
6682.42
6688.25
6693.47
6698.87
6704.82
6710.32
6715.8
6720.67
6725.87
6730.92
6736.45
6741.42
6746.77
6752.5
6758.02
6763.87
6769.35
6775.2
6780.95
6787.8
6796.25
6839.1
6844.62
6850.92
6857.22
6863.12
6869.27
6874.45
6879.95
6884.95
6890.37
6895.87
6901.52
6906.92
6912.25
6918.02
6923.8
6929.22
6934.9
6940.15
6945.5
6950.47
6956.02
6961.17
6965.92
6971.12
6976.75
6982.02
6986.92
6994.05
7002.07
7044.67
7051.7
7057.87
7064.42
7070.37
7076.3
7081.85
7087.32
7092.72
7098.4
7103.55
7109.2
7114.57
7119.85
7124.87
7130.42
7136.35
7141.75
7147.1
7152.35
7157.72
7162.87
7168.42
7173.72
7179.2
7184.5
7190.1
7196.05
7204.62
7249.05
7256
7262.47
7268.9
7274.95
7280.8
7286.3
7292
7297.67
7302.72
7308.22
7313.67
7318.67
7324.12
7329.72
7334.57
7340.2
7345.65
7350.85
7355.87
7361
7366.57
7372.35
7377.77
7383.45
7389.27
7395.05
7401.35
7409.1
7455.7
7462.7
7469.27
7474.8
7480.55
7485.62
7490.72
7496.2
7501.8
7507.15
7512.75
7518.05
7523.5
7528.8
7534.27
7539.95
7545.6
7550.67
7556.02
7561.32
7566.42
7571.37
7576.37
7581.57
7586.82
7591.9
7597.42
7602.27
7607.67
7615
7659.8
7667.17
7673.7
7679.42
7685.52
7691.12
7696.47
7702.1
7708.07
7713.57
7719.17
7724.37
7729.72
7734.87
7740.67
7746.12
7751.37
7756.55
7761.87
7767.85
7773.27
7778.67
7783.87
7789.47
7794.6
7800
7805.35
7811.22
7818.77
7825.57
7866.45
7872.9
7879.1
7885.07
7890.82
7896.3
7901.6
7906.95
7912.4
7917.9
7923.62
7928.77
7934.22
7939.5
7945.1
7950.67
7956.62
7961.85
7966.92
7972.07
7977.8
7983.37
7988.42
7993.77
7999.02
8004.67
8009.8
8015.4
8020.72
8028.45
8069.37
8077.12
8083.12
8088.77
8094.25
8100.32
8105.57
8110.77
8116.35
8121.62
8127.02
8132.3
8138.12
8143.9
8149.5
8154.92
8160.45
8165.67
8170.8
8176.22
8181.57
8186.62
8191.87
8196.9
8202.47
8208
8213.4
8218.7
8224.45
8231.52
8276.35
8283.32
8291.32
8298.42
8304.37
8310.27
8315.77
8321.6
8327.4
8333.3
8338.9
8344.07
8350.25
8355.45
8360.82
8366.35
8371.5
8376.9
8382.32
8387.6
8392.82
8398.57
8404.32
8409.55
8415.17
8420.2
8425.55
8430.57
8437.52
8482.32
8489.22
8495.77
8501.8
8507.17
8512.85
8518.35
8523.65
8529.32
8534.47
8539.57
8544.92
8550.52
8555.5
8560.67
8566.1
8571.4
8576.72
8581.85
8586.82
8591.75
8596.85
8602.05
8607.57
8612.8
8618.25
8623.45
8628.42
8633.65
8640.12
8646.95
8688.27
8695.17
8702
8708.2
8714.27
8719.8
8725.5
8731.17
8736.17
8741.45
8746.92
8752.65
8757.42
8762.72
8768.1
8773.4
8778.72
8784.07
8789.65
8795.27
8800.47
8805.87
8811.4
8816.42
8821.72
8827.27
8833.07
8838.27
8843.47
8850.3
8895
8902.7
8908.67
8914.77
8920.6
8926.2
8931.62
8937.27
8943.47
8949.12
8954.37
8959.82
8965.5
8971.35
8976.3
8981.25
8985.95
8990.95
8996.35
9001.8
9007.02
9012.02
9017.3
9022.87
9028.02
9033.52
9039.4
9044.92
9051
9057.82
9103.35
9110.32
9116.6
9123.12
9129.25
9134.67
9140
9145.87
9151.07
9156.65
9161.85
9166.82
9171.82
9177.25
9183.47
9188.87
9194.7
9200.12
9205.55
9210.92
9216.45
9222.3
9227.8
9233.32
9239.35
9245.02
9250.57
9255.55
9262.37
9268.85
9310.52
9317.67
9324.02
9330.17
9335.62
9340.87
9346.67
9352.12
9357.37
9362.7
9367.82
9373.37
9379
9384.55
9390.4
9395.85
9401.35
9406.9
9412.9
9418.4
9423.72
9428.92
9434
9438.9
9443.85
9449.2
9454.55
9460.32
9469.07
9517.32
9523.22
9529.52
9535.45
9541.3
9547.82
9554.17
9559.95
9565.25
9570.57
9575.57
9580.32
9585.5
9590.92
9596.57
9601.92
9606.9
9611.92
9617.62
9623.3
9628.32
9633.72
9639.3
9644.95
9650.25
9655.88
9661.43
9666.98
9674.03
9720.85
9727.65
9734.08
9740.18
9745.93
9751.55
9756.9
9762.05
9768.05
9773.75
9779.03
9784.2
9789.65
9795.18
9800.93
9806.4
9811.68
9817.1
9823.25
9828.5
9833.88
9839.4
9844.73
9850.38
9855.43
9860.55
9865.93
9871.85
9878.88
9926.73
9933.85
9939.4
9945.7
9951.43
9956.75
9962.23
9967.83
9972.93
9978.23
9984.43
9990.15
9995.45

