41.3
48.425
54.825
60.825
66.625
72.225
77.45
82.75
88.5
94.475
100.025
105.475
110.7
115.825
121.05
126.425
132.15
137.55
143.025
148.55
154.2
159.975
165.2
170.675
175.775
180.825
185.425
190.2
195.4
200.6
206.275
254.1
260.625
266.15
271.925
277.5
283.2
288.475
294
299.25
304.75
310.2
315.5
321.075
326.4
331.675
337.025
342.15
347.475
352.425
357.425
362.575
367.95
373.55
378.775
383.975
389.825
395.1
400.45
405.975
411.3
456.725
463.45
469.55
475.225
480.7
486.425
492.475
498.075
503.6
509.125
515.15
520.5
525.825
530.9
536.175
541.375
546.55
551.375
557.1
562.15
567.975
573.35
578.75
584.025
589.3
594.325
599.675
604.95
610.15
615.625
664.8
671.225
677.95
683.875
689.375
695.175
700.725
706.175
712
717.375
722.4
727.7
733
738.4
743.725
748.975
753.9
759.45
764.325
770.125
775.65
781.225
786.15
791.375
796.725
802
807.1
812.575
818.25
824.875
868.525
875.675
883.45
889.575
895.525
901.2
906.55
912.225
917.175
922.325
927.625
933
938.8
944.55
949.875
955.15
960.45
965.875
970.975
976.375
981.4
986.65
992.025
997.025
1002.63
1007.6
1012.65
1017.98
1023.18
1028.83
1073.53
1080.18
1086.48
1091.85
1097.13
1102.63
1107.93
1113.28
1119.08
1124.35
1129.93
1135.2
1140.58
1145.88
1151.43
1156.78
1162.23
1167.83
1173.35
1178.55
1183.63
1188.58
1193.88
1199.73
1205.3
1210.25
1215.43
1220.4
1226.1
1231.4
1280.3
1285.98
1291.98
1297.65
1303.08
1308.5
1313.88
1318.7
1324.1
1329.23
1334.43
1339.75
1345.35
1350.55
1356.38
1362.2
1367.68
1372.83
1377.85
1383.25
1388.58
1394.13
1399.15
1404.7
1410.03
1415.48
1420.88
1426.28
1431.3
1436.65
1485.3
1491.7
1498.23
1504.68
1510.95
1516.45
1521.88
1527.53
1532.78
1538.75
1544.55
1550
1555.18
1560.6
1565.8
1570.63
1575.75
1581.03
1586.63
1592.15
1597.75
1603.2
1608.78
1613.78
1618.93
1624.48
1629.8
1635.2
1640.65
1688.45
1694.98
1700.7
1707.23
1713.45
1718.88
1724.85
1730.68
1735.85
1741.18
1746.38
1751.75
1757.1
1762.75
1768.03
1773.58
1778.88
1784.35
1790.4
1796.28
1801.75
1806.78
1812.65
1817.9
1823
1828.18
1833.65
1838.63
1843.88
1848.73
1891.08
1897.45
1904.03
1909.9
1915.28
1921.33
1927.45
1933.15
1939
1944.8
1950.03
1955.53
1961.35
1966.53
1971.75
1977.03
1982.9
1988.28
1993.63
1999.23
2004.45
2009.73
2014.83
2019.85
2025.05
2030.23
2035.23
2040.53
2046.1
2051.4
2102.68
2109.73
2116.63
2122.53
2128.28
2133.6
2138.9
2144.2
2149.5
2154.95
2160.68
2166.2
2171.55
2176.48
2181.5
2186.78
2191.63
2196.73
2202.1
2207.65
2212.8
2217.95
2223.28
2228.35
2233.78
2239.48
2244.65
2249.98
2255.4
2261.25
2307.7
2315.43
2321.63
2327.45
2332.88
2338.65
2344.28
2350.65
2356.65
2362.3
2368.15
2373.58
2378.63
2383.73
2389.15
2394.73
2400.08
2405.6
2410.9
2416.47
2422.2
2427.6
2433.32
2439.27
2445.47
2450.95
2455.85
2461.3
2466.7
2518.72
2524.8
2530.27
2535.8
2541.72
2547.25
2553.07
2559.02
2564.2
2570.22
2576.12
2581.27
2586.87
2592.4
2598.17
2603.42
2609.2
2614.9
2620.05
2625.52
2631.02
2636.47
2641.47
2647.25
2652.87
2657.95
2662.75
2667.75
2673.12
2721.85
2727.9
2733.75
2739.57
2745.15
2750.25
2755.45
2760.72
2766.12
2771.42
2776.35
2781.6
2786.8
2792.37
2797.95
2803.42
2808.25
2813.37
2818.55
2823.42
2828.7
2834
2839.57
2844.95
2849.85
2854.55
2860
2865
2870.25
2876.05
2881.17
2926.57
2933.17
2938.87
2944
2949.15
2955.37
2960.45
2965.67
2970.92
2976.07
2981.92
2987.22
2993.07
2998.55
3004.05
3009.17
3014.72
3020.22
3025.62
3031.05
3036.65
3042.67
3048.15
3053.67
3058.97
3064.97
3070.67
3076.35
3081.62
3087.87
3131.5
3138.27
3144.32
3149.42
3155.2
3160.92
3166.6
3172.27
3177.45
3182.92
3188.8
3194.4
3199.52
3204.77
3210.1
3215.35
3220.45
3226.25
3231.55
3237.05
3242.42
3247.25
3252.37
3257.32
3262.05
3267.07
3272.32
3277.52
3282.92
3288.15
3341.45
3348.15
3354.05
3359.8
3365.17
3370.75
3376.5
3381.72
3387.17
3392.45
3397.52
3402.55
3407.9
3413.87
3419.32
3424.47
3430
3435
3440.05
3445.32
3451.15
3457.2
3462.35
3467.92
3473.4
3478.7
3484.45
3489.85
3495.62
3544.32
3551.45
3557.3
3563.62
3569.8
3575.1
3581
3586.32
3591.87
3597.05
3601.75
3607.2
3612.37
3617.75
3623.35
3628.82
3634.2
3639.6
3645.15
3650.42
3655.9
3661.32
3666.82
3672.45
3678.42
3684.07
3689.55
3694.62
3699.55
3754.67
3761.5
3767.87
3774.17
3780.27
3785.82
3790.95
3796.35
3801.82
3807.37
3813.25
3818.57
3823.75
3829.02
3833.75
3838.75
3843.8
3849.17
3854.52
3859.6
3864.4
3869.65
3874.97
3880.45
3885.65
3890.85
3896.02
3901.55
3907.25
3956.02
3962.27
3968.27
3974.02
3979.95
3985.72
3991.92
3997.5
4003.65
4009.17
4014.52
4019.5
4024.75
4029.75
4035.3
4040.8
4046.32
4051.4
4057
4062.4
4067.9
4073
4077.72
4083
4088.27
4093.65
4099.1
4104.42
4109.67
4163.3
4169.9
4175.5
4181.35
4187.17
4192.97
4198.65
4204.25
4210.02
4215.07
4220.32
4225.45
4230.62
4235.97
4241.2
4246.65
4251.92
4257.42
4263.02
4268.4
4273.97
4279.42
4284.87
4289.75
4294.95
4300.12
4305.5
4310.67
4315.87
4364.4
4371.75
4377.97
4383.7
4389.65
4394.95
4400.25
4405.92
4411.15
4417.22
4423.25
4429.05
4434.75
4440.5
4446.4
4451.82
4457.25
4462.45
4467.97
4473.62
4478.82
4484.2
4489.5
4494.57
4500.07
4505.15
4510.65
4515.55
4521.25
4574.85
4581.1
4586.92
4593.27
4598.62
4604
4609.5
4615.22
4620.77
4625.85
4631.07
4636.37
4641.85
4647.42
4653.55
4659.15
4664.25
4669.87
4675.87
4681.02
4686.27
4692.05
4697.05
4702.12
4707.1
4712.37
4717.9
4723.2
4728.87
4778.02
4785.5
4791.45
4797.97
4803.6
4809.07
4814.62
4819.72
4825.5
4830.9
4837
4842.82
4848.8
4854.2
4859.8
4865.62
4870.65
4875.95
4880.82
4886.02
4891.05
4896.5
4902.05
4907.8
4913.45
4918.5
4923.4
4928.07
4933.45
4940.4
4949.45
4986.52
4994.15
5000.97
5006.8
5012.45
5018.02
5023.22
5028.7
5033.9
5039.42
5044.65
5049.9
5055.07
5060.05
5065.15
5070.37
5075.9
5080.92
5086.85
5092.2
5097.77
5103.1
5108.85
5114.32
5119.47
5124.72
5130
5135.07
5140.02
5148.55
5195.52
5201.97
5208.12
5213.77
5219.35
5224.55
5229.7
5235.22
5241.02
5247.62
5252.8
5258.27
5263.35
5268.75
5274.3
5279.62
5284.97
5290.45
5295.65
5300.62
5305.6
5310.42
5315.42
5320.35
5325.47
5330.82
5336.15
5341.5
5346.57
5354.37
5398.17
5405.15
5411.4
5416.95
5422.77
5428.35
5434.22
5439.65
5445.25
5451.12
5456.35
5461.17
5466.57
5471.52
5477.55
5483.22
5488.7
5494.47
5499.87
5505.05
5510.4
5516
5521.82
5527.65
5533.25
5538.9
5545
5551.07
5557.9
5605.82
5612.15
5617.65
5623.27
5629.02
5634.55
5640.3
5645.4
5650.45
5656.1
5661.62
5666.65
5671.97
5677.45
5682.95
5688.52
5694
5698.87
5704.47
5709.9
5715.27
5720.07
5724.75
5729.85
5735.3
5740.82
5746.32
5751.82
5759.82
5766.72
5806.9
5813.77
5820.3
5825.57
5831.42
5836.85
5842.6
5847.9
5853.47
5858.92
5864.27
5870.17
5875.57
5881.37
5887.55
5893.65
5899.22
5904.7
5910.32
5916.02
5921.62
5926.97
5932.45
5938.15
5943.87
5949.62
5955.1
5961.32
5967.67
6012.82
6019.5
6026.02
6031.95
6037.35
6042.77
6047.95
6053.2
6059.15
6064.7
6070.05
6075.72
6080.77
6085.75
6091.62
6097.17
6102.7
6108
6113.57
6118.75
6124.3
6129.67
6135.2
6140.42
6145.87
6151.1
6156.12
6161.37
6167.67
6175.02
6220.57
6227.15
6233.32
6239.5
6245.62
6251.22
6257.15
6262.27
6267.85
6273.12
6278.37
6283.72
6288.97
6293.8
6298.82
6304.15
6309.35
6314.75
6320.32
6326.37
6332.45
6338.45
6343.82
6349.02
6354.25
6359.07
6364.37
6369.35
6376.55
6384.42
6424.7
6431.57
6437.35
6443.45
6449.77
6455.4
6460.6
6465.9
6471.67
6477.2
6482.9
6488.85
6494.55
6500.15
6505.75
6511.62
6516.65
6521.95
6527.6
6533.62
6539.37
6544.65
6549.82
6554.95
6560.37
6565.25
6570.3
6575.55
6582.27
6590.6
6631.22
6637.52
6643.87
6649.87
6655.4
6660.9
6666.67
6672.47
6678.05
6683.47
6688.8
6693.92
6699.47
6704.9
6709.82
6715.22
6720.35
6725.4
6730.9
6736.42
6742.12
6747.3
6752.57
6757.5
6762.75
6767.82
6773.02
6777.97
6782.75
6790.12
6796.12
6836
6842.7
6849.17
6855.87
6862.3
6867.67
6873.25
6879.07
6885.12
6890.45
6895.7
6900.97
6905.97
6911.37
6916.4
6921.47
6927.35
6932.67
6938.27
6943.65
6949.05
6953.95
6959.15
6964.67
6969.95
6975.15
6980.42
6985.62
6990.82
6997.52
7041.97
7050.45
7056.17
7061.65
7067.3
7073.17
7078.5
7084.1
7089.82
7095.22
7100.35
7105.92
7110.97
7115.92
7121
7126.42
7131.82
7136.92
7141.82
7146.9
7152.1
7157
7162.05
7167.57
7173
7178.22
7183.75
7188.75
7194.37
7202.07
7251.62
7258.07
7263.82
7269.55
7275.05
7280.47
7286.02
7291.07
7296.3
7301.55
7306.85
7312.25
7317.8
7323.2
7328.6
7333.87
7339.42
7344.47
7349.47
7354.77
7360.17
7365.82
7371.55
7376.45
7381.72
7386.9
7392
7397.85
7404.8
7411.85
7453.45
7460.17
7466.62
7473
7478.85
7484.45
7490
7495.7
7501.07
7506.9
7512.07
7517.62
7523.3
7528.77
7533.77
7539.02
7544.65
7550.57
7556.22
7561.52
7567.22
7573.02
7578.3
7583.85
7589.17
7594.37
7599.67
7605.27
7614.45
7661.85
7669.07
7675.82
7681.32
7687.9
7694.25
7699.52
7705.1
7711.25
7716.52
7721.75
7726.97
7732.15
7737.62
7743.02
7747.8
7752.65
7758.15
7763.57
7768.82
7774.1
7779.67
7785.25
7790.67
7795.97
7800.75
7805.67
7810.6
7817.07
7823.9
7868.17
7875.25
7881.47
7887.52
7892.87
7898.8
7904.15
7909.67
7915.7
7921.05
7926.6
7931.97
7937.42
7943.07
7948.4
7953.72
7959.17
7964.65
7969.87
7975.1
7980.02
7985.72
7991.3
7996.47
8001.45
8006.75
8011.72
8017.05
8023.12
8030.4
8070.75
8077.1
8083.57
8089.45
8095.9
8101.62
8106.72
8111.65
8117.17
8122.57
8127.62
8133.07
8138.87
8144.07
8149.37
8155.42
8160.95
8166.52
8171.82
8176.85
8182.05
8186.92
8192.25
8197.67
8202.75
8207.62
8213.12
8218.67
8224.27
8231.1
8280.6
8287.97
8293.67
8298.95
8304.7
8310.72
8315.97
8321.57
8327.1
8332.35
8337.95
8343.35
8348.57
8353.52
8358.75
8364.27
8369.47
8374.57
8380.02
8385.6
8390.75
8395.87
8401.27
8406.5
8411.57
8416.77
8421.92
8427.32
8434.75
8441.07
8483.25
8489.5
8495.87
8501.92
8508.02
8514.05
8519.42
8524.85
8530.32
8535.75
8541.22
8546.52
8551.6
8556.62
8561.7
8566.67
8571.35
8576.55
8581.92
8586.97
8591.95
8596.8
8602.02
8606.85
8611.85
8616.6
8621.75
8627.37
8633.27
8640.32
8647.1
8688.8
8695.87
8702.8
8708.57
8714.57
8720.12
8725.77
8731.22
8736.77
8742.32
8747.62
8753.37
8758.82
8763.9
8770.22
8775.52
8780.77
8786.07
8791.17
8796.77
8802.05
8807.55
8812.72
8818.05
8823.17
8828.45
8833.37
8838.45
8844.5
8852.02
8895.17
8901.92
8908.8
8914.85
8921.75
8926.97
8932.52
8938.52
8944.8
8950.35
8955.55
8961.02
8966.2
8971.5
8976.45
8981.57
8987.67
8993.75
8999.12
9003.95
9009.5
9015.2
9020.25
9025.62
9030.52
9035.72
9040.55
9045.72
9051.95
9058.45
9099.7
9106.2
9112.42
9118.3
9124.15
9129.47
9135.3
9140.87
9146.12
9150.92
9156.22
9161.92
9167.35
9172.57
9177.7
9183.35
9188.72
9194.47
9200.1
9205.4
9210.42
9215.85
9220.85
9226.42
9231.8
9237.12
9242.02
9246.92
9251.92
9258.07
9265.27
9310.52
9318.25
9324.17
9330.1
9336.22
9342.2
9347.47
9353.25
9359.07
9364.5
9370.12
9376
9381.57
9387.1
9392.5
9397.37
9402.87
9408.1
9413.55
9418.9
9424.25
9429.27
9434.05
9439.35
9444.65
9450.37
9456.12
9461.02
9469
9518.7
9525.62
9531.92
9537.85
9543.82
9550.35
9556.25
9561.4
9566.55
9572.05
9577.1
9582.6
9588.2
9593.35
9598.62
9604.12
9609.2
9614.12
9619.65
9625.27
9631
9636.75
9642.23
9648.18
9653.88
9659
9664.45
9672.75
9716.15
9723.65
9730.23
9736.15
9742.23
9747.83
9753.33
9759.28
9764.75
9769.93
9775.45
9781.18
9786.78
9791.98
9797.18
9802.3
9807.18
9811.83
9816.78
9821.85
9827.08
9832.03
9837.13
9842.18
9847.03
9852.18
9857.45
9863.45
9869.5
9876.65
9884.3
9923.65
9931.08
9937.63
9944.18
9949.98
9955.63
9960.75
9966.28
9971.9
9977.53
9983
9988.4
9993.6
9998.95

