44.775
51.675
58.875
65.1
70.875
76.85
82.2
87.125
93.15
98.65
103.575
108.625
114.3
119.8
125.275
130.3
135.525
140.7
145.675
150.875
156.05
161.3
166.65
171.8
176.875
181.85
186.975
192
196.95
202.125
207.4
254.2
261.125
267.55
273.45
279.15
284.425
289.85
295.025
300.975
306.45
312.25
317.8
323.05
328.5
333.75
339.125
344.15
349.25
354.4
360.125
365.675
371.05
376.625
382.2
387.725
393.175
398.95
404.675
409.775
459.875
466.925
473.025
479.2
485.35
491.225
496.3
501.7
506.925
512.075
517.125
522.725
528.2
533.575
539
544.35
550.15
555.575
561
566.325
571.85
577.45
583.025
588.175
593.325
598.775
604.35
610.025
615.225
665.175
671.625
678.375
684.475
690.05
695.575
701
706.5
712.05
717.35
722.825
727.975
733.3
739.225
744.925
750.05
755.625
760.525
766.1
771.9
777.075
782.5
787.825
793.375
798.625
803.75
809.45
814.925
820.225
868.075
874.125
880.575
885.95
891.25
896.425
902.425
907.6
913.25
918.675
923.8
928.825
934.225
939.875
945.125
950.525
956.625
961.875
967.275
972.8
978.35
983.45
988.5
993.625
999.175
1004.43
1009.35
1014.83
1019.68
1025.33
1077.65
1084.4
1090.48
1097.1
1103.13
1108.4
1114
1119.58
1124.8
1130.15
1135.6
1140.93
1146.35
1151.7
1156.9
1162.33
1167.9
1173.28
1178.98
1184.28
1189.95
1195.43
1200.35
1206.08
1211.58
1216.63
1222.1
1227.45
1232.48
1276.15
1282.35
1288.33
1294.1
1300.08
1306.23
1312
1317.5
1322.78
1328.35
1333.55
1338.83
1344.38
1349.98
1355.2
1360.43
1365.75
1371.13
1376.18
1381.65
1386.65
1392.28
1398.03
1403.25
1408.68
1414.15
1419.45
1424.93
1430.68
1436.1
1483.28
1489.93
1496.08
1502.5
1508.48
1515.38
1520.85
1527
1532.78
1538.1
1543.3
1548.8
1554.45
1560.45
1566.05
1571.65
1576.83
1582.05
1587.6
1593.25
1598.7
1604.68
1609.73
1615.53
1621.15
1626.98
1632.65
1638.28
1643.48
1690.15
1696.63
1703.3
1709.68
1714.98
1720.35
1725.43
1730.88
1736.35
1741.8
1746.98
1752.45
1757.83
1763
1768.28
1774.25
1779.9
1786
1791.93
1797.63
1802.75
1807.8
1812.9
1818.2
1823.18
1828.58
1833.73
1838.88
1845.03
1889.03
1895.58
1902.53
1909.13
1914.78
1920.1
1926.2
1931.6
1936.88
1942.38
1947.68
1952.83
1958.28
1963.88
1969.15
1974.58
1979.4
1984.95
1990.48
1995.68
2000.8
2006.4
2011.98
2017.23
2022.78
2028.18
2033.45
2038.63
2044.18
2049.88
2056.28
2103
2109.58
2115.45
2120.83
2126.3
2131.7
2137.6
2143.5
2149.2
2154.9
2160.1
2165.48
2170.38
2175.5
2180.33
2185.23
2190.75
2195.9
2200.83
2205.93
2211.1
2216.23
2221.3
2226.4
2232.2
2238.3
2243.8
2248.78
2254.15
2260.25
2306.85
2314.25
2320.2
2325.6
2331.43
2337.38
2343.13
2348.53
2354.05
2359.43
2365.7
2371.03
2376.45
2382.8
2388.7
2393.93
2399.15
2404.63
2409.78
2414.6
2419.55
2424.42
2429.67
2434.87
2439.87
2444.65
2449.92
2455.5
2460.87
2466.47
2517.7
2524.25
2530.45
2535.95
2541.72
2547.3
2553.35
2559.15
2564.62
2569.87
2575.1
2580.5
2585.82
2590.95
2596.85
2602.47
2608.25
2613.85
2619.17
2624.62
2630.1
2635.92
2641.8
2647.87
2653.47
2658.85
2663.92
2669
2674.12
2720.45
2727.4
2733.32
2739.22
2745.45
2750.8
2756.32
2761.77
2767.6
2773.07
2778.55
2784.55
2789.87
2795.4
2800.3
2805.57
2811.07
2816.25
2821.35
2826.75
2832.2
2837.6
2842.57
2847.85
2853.3
2858.92
2864
2868.82
2874.35
2879.32
2924.92
2931.3
2937.3
2943.2
2948.97
2954.77
2960.92
2966.65
2971.77
2976.65
2982.02
2987.15
2992.5
2997.55
3003.2
3008.82
3014.17
3019.47
3025.02
3030.3
3035.37
3041.05
3046.35
3051.4
3056.6
3061.6
3066.82
3072.72
3077.9
3083.07
3134.65
3141.07
3146.95
3153.17
3159.77
3165.55
3171.3
3176.75
3182.47
3187.95
3193.42
3198.65
3203.8
3208.77
3214.05
3219.8
3225.2
3230.3
3235.5
3240.9
3246.42
3251.5
3257
3262.6
3267.85
3272.87
3278.05
3282.92
3287.92
3335.4
3342.15
3348.95
3356.02
3362.32
3368
3373.02
3378.5
3384.12
3389.65
3395.1
3399.95
3405.27
3410.57
3415.57
3420.72
3425.9
3431.07
3436.15
3441.52
3447.35
3452.8
3458.37
3464.15
3469.67
3475
3480.72
3486.52
3491.97
3497.22
3543.22
3549.2
3555.77
3561.47
3567.4
3572.92
3578.8
3584.37
3589.87
3594.82
3600.4
3606.07
3612.05
3617.77
3622.85
3628.45
3633.9
3639.22
3644.9
3651.07
3656.42
3662.1
3667.6
3672.65
3677.62
3682.67
3688.45
3694.37
3699.47
3752.62
3759.12
3764.62
3770.57
3776.35
3782.15
3788.1
3793.77
3798.85
3804.02
3809.72
3815.52
3820.67
3825.87
3831.2
3837.05
3842.37
3848.3
3853.65
3858.97
3864.1
3869.35
3874.3
3879.12
3884.07
3890.07
3895.52
3900.82
3905.77
3957.1
3964.57
3971.12
3976.6
3982.52
3988.25
3993.7
3999.05
4004.62
4010.25
4015.37
4020.32
4025.57
4031.52
4036.9
4042.77
4048
4053.47
4059.12
4064.62
4069.85
4075.17
4080.7
4086.32
4091.6
4097.25
4102.9
4108.2
4114.55
4158.82
4165.6
4171.72
4177.55
4184.32
4190.1
4195.52
4200.87
4206.15
4211.52
4216.67
4221.6
4227.2
4232.62
4238.15
4243.3
4249.3
4254.42
4259.85
4265.2
4270.72
4276
4281.32
4286.82
4292.45
4297.95
4303.22
4308.62
4313.87
4319.45
4368.2
4374.37
4380.65
4387.12
4392.8
4398.22
4403.47
4408.82
4414.25
4419.82
4425.45
4430.82
4436
4441.1
4446.57
4452
4456.75
4462
4467.1
4472.5
4477.52
4482.72
4487.75
4492.9
4498.2
4503.37
4508.85
4513.87
4519.22
4525.65
4572.32
4578.7
4585.67
4591.77
4597.12
4602.9
4608.45
4614.25
4620.05
4625.52
4630.75
4636.57
4642.25
4647.27
4652.55
4658.22
4663.97
4669.42
4674.67
4680.25
4685.2
4690.2
4695.27
4700.62
4705.6
4710.72
4715.92
4721.6
4726.77
4735.55
4781.65
4788.45
4795.17
4800.82
4806.87
4812.75
4818.32
4823.97
4828.95
4834.77
4840.17
4845.85
4851.2
4857.15
4862.75
4868.65
4874.05
4879.4
4885
4891
4896.55
4901.92
4907.5
4913.02
4918.42
4923.67
4928.72
4933.55
4941.57
4988.95
4995.4
5001.45
5007.07
5012.77
5018.5
5024.22
5029.9
5035.35
5040.6
5045.95
5051.82
5057.47
5063.72
5069.25
5074.87
5079.72
5085.12
5090.77
5095.65
5100.82
5106.65
5112.25
5117.65
5123
5128.35
5133.6
5138.42
5145.52
5154
5193.87
5200.6
5206.82
5212.75
5219.25
5225.4
5231.12
5236.87
5242.35
5248.55
5254.05
5259.2
5264.42
5269.82
5275.65
5281.37
5286.87
5292.4
5297.62
5302.8
5307.9
5312.95
5318.02
5323.42
5328.8
5334.67
5340.22
5346.35
5353.67
5400.85
5408.2
5413.7
5419.47
5424.92
5430.12
5435.72
5441.87
5447.55
5453.2
5459.05
5464.35
5470.12
5475.32
5480.07
5485.37
5490.92
5496.22
5501.6
5507.47
5512.9
5518.55
5524.4
5529.87
5535.37
5540.52
5545.55
5551.22
5559.17
5604.62
5611.12
5618.02
5623.55
5629.5
5635.1
5640.8
5646.1
5651.12
5656.35
5662.02
5666.97
5672.12
5677.17
5682.57
5687.75
5693
5698.25
5703.57
5709.45
5714.42
5719.37
5724.57
5729.82
5734.85
5739.97
5745.2
5750.2
5756.25
5762.62
5811.05
5817.97
5824.17
5829.72
5835.42
5841.32
5846.87
5852.17
5857.02
5862.5
5867.9
5873.17
5878.35
5883.65
5889.15
5894.7
5899.95
5904.85
5910.12
5915.25
5920.1
5925.37
5930.42
5935.6
5941.12
5946.37
5951.3
5956.2
5962.6
5969.82
6016.47
6022.82
6029
6035.3
6041.27
6046.67
6052.02
6057.17
6062.5
6067.95
6073.15
6078.52
6084.05
6089.62
6094.95
6100.32
6105.57
6111.35
6116.45
6121.9
6127.4
6132.45
6137.95
6142.95
6147.9
6152.7
6157.35
6162.47
6169.52
6176.82
6215.6
6222.85
6229.2
6235.12
6241.55
6247.67
6254.32
6259.9
6265.6
6270.8
6275.97
6281.1
6286.57
6292.42
6298.42
6303.72
6309.65
6315.02
6320.75
6326.25
6331.05
6336.05
6341.1
6346.17
6351.82
6357.52
6362.85
6368.32
6375.07
6382.45
6426.1
6433.82
6440.37
6446.1
6451.87
6457.47
6462.95
6468.47
6473.87
6479.05
6484.17
6489.4
6495.05
6500.27
6505.47
6511.15
6516.85
6522.37
6527.32
6532.8
6538.35
6544.47
6550.37
6555.67
6560.52
6565.7
6570.52
6575.67
6583.87
6592.85
6636.05
6642.95
6648.67
6654.27
6660.5
6666.25
6672
6677.7
6683.57
6688.95
6694.45
6699.85
6705.47
6710.92
6716
6721.77
6727.12
6732.35
6737.25
6742.57
6747.9
6752.72
6757.85
6762.7
6767.75
6773.32
6778.62
6784.52
6792.27
6836.52
6843.47
6850.42
6856.27
6862.1
6867.92
6873.32
6878.75
6884.35
6889.57
6894.95
6900.62
6906.27
6911.72
6917.65
6923.35
6928.77
6933.92
6939.27
6944.77
6950.47
6955.57
6961.5
6967.05
6972.55
6978.05
6983.12
6988.47
6996.5
7045.9
7052.12
7059.37
7065.27
7072.02
7077.95
7082.55
7087.8
7093.07
7098.25
7103.3
7108.85
7114.3
7119.5
7124.9
7130.2
7135.52
7140.82
7145.8
7151.22
7156.92
7162.1
7167.72
7173.57
7179.05
7184.67
7190.1
7195.52
7202.82
7250.02
7257.27
7263.65
7269.57
7276.65
7282.2
7287.47
7293.15
7299.2
7304.57
7309.95
7315.45
7321.25
7326.72
7331.57
7336.17
7340.87
7346.12
7351.7
7356.95
7362.57
7368.07
7373.85
7378.9
7383.87
7389.37
7394.57
7399.7
7405.25
7411.67
7456.42
7462.75
7468.05
7473.8
7478.97
7484.67
7489.77
7495.2
7500.12
7505.07
7510.22
7515.4
7521.05
7526.7
7532.05
7537.77
7543.25
7548.42
7553.52
7559.15
7564.52
7569.87
7575.55
7580.67
7586.55
7591.9
7597
7602.3
7608.27
7616.1
7662.17
7670.1
7676.32
7682.1
7688.17
7693.55
7698.92
7704.37
7710.02
7715.72
7721.05
7726.57
7731.77
7736.62
7742
7747.15
7752.12
7757.6
7762.92
7768.05
7773.2
7778.87
7784.42
7789.47
7794.85
7800.4
7806
7811.52
7819.55
7868.2
7874.7
7880.4
7885.9
7891.25
7896.62
7902.1
7907.6
7913.05
7918.4
7923.67
7928.82
7933.87
7939.17
7944.7
7950.2
7955.75
7961.17
7966.67
7971.87
7976.75
7981.4
7986.57
7991.7
7997.4
8002.75
8008.62
8013.75
8018.87
8027.52
8072.5
8078.95
8085.9
8091.15
8097.02
8102.3
8108
8113.5
8118.62
8124.05
8129.32
8134.67
8140.37
8145.85
8151.07
8156.25
8161.5
8166.42
8171.55
8176.62
8182.37
8187.72
8192.92
8198.35
8203.57
8208.9
8214.9
8220.8
8227.67
8234
8277.65
8284.85
8290.82
8296.47
8301.75
8307.5
8312.8
8318.35
8323.5
8328.77
8333.92
8339.22
8344.5
8349.77
8355.2
8360.52
8365.9
8370.92
8376.25
8381.47
8386.8
8392.4
8397.62
8403.17
8408.4
8413.4
8418.92
8424.85
8430
8438.1
8488.47
8494.6
8500.42
8505.75
8511.7
8517.45
8522.92
8528.37
8533.65
8539
8544.65
8550.37
8555.32
8560.65
8566.37
8571.72
8577.37
8582.57
8587.7
8592.97
8598.15
8603.47
8608.47
8613.45
8618.65
8623.7
8628.97
8634.35
8642.87
8690.82
8697.12
8703.2
8708.95
8713.95
8719.27
8724.95
8730.62
8736.7
8742.25
8747.9
8753.22
8758.27
8763.62
8768.92
8774.52
8779.9
8785.02
8790.22
8795.75
8800.72
8806.3
8811.6
8816.82
8822.3
8827.87
8833.52
8839.02
8845.2
8852.35
8900.17
8907.3
8913.37
8919.32
8925.02
8930.6
8936.35
8941.97
8947.47
8952.67
8958.1
8963.17
8969.12
8974.97
8980.17
8985.6
8990.7
8996.02
9001.4
9006.8
9011.92
9017
9022.15
9027.67
9032.8
9038.37
9043.72
9049.17
9056.07
9105.72
9112.97
9119.5
9125.32
9130.62
9135.92
9141.07
9146.55
9151.87
9157.22
9162.6
9167.75
9172.72
9177.82
9182.87
9188.32
9193.5
9198.77
9204.05
9209
9213.97
9219.52
9224.8
9230.35
9236.12
9241.7
9247.32
9253.02
9261
9267.95
9314.92
9322.1
9328.3
9333.92
9339.12
9344.5
9350.37
9356.15
9361.62
9367.17
9372.5
9377.67
9383.07
9388.45
9394.12
9399.5
9405.12
9410.45
9415.85
9421.55
9427.22
9432.67
9438.32
9443.37
9448.4
9453.5
9459.02
9464.77
9471.32
9515.45
9521.67
9527.57
9533.32
9539.35
9545.55
9551.47
9557.37
9562.95
9568.52
9573.87
9579.05
9584.5
9590.15
9595.75
9601.1
9606.02
9611.82
9617
9622.3
9628.27
9633.62
9639.1
9644.18
9649.35
9654.93
9660.4
9665.63
9673.4
9718.7
9725.48
9732.1
9737.65
9744.18
9750.35
9756.03
9761.55
9767.08
9772.5
9777.63
9783.05
9788.7
9794.33
9799.7
9804.93
9810.05
9815.38
9820.55
9825.15
9830.4
9835.75
9841.25
9846.88
9852
9857.3
9862.7
9868.33
9874.85
9883
9921.78
9928.68
9935.7
9942.18
9948.28
9954.2
9959.9
9965.93
9972.23
9978.88
9985
9990.2
9995.23

