-70.1
-69.5988
-70.8809
-72.9261
-74.2368
-74.8022
-75.479
-75.3171
-75.6446
-75.4173
-75.5392
-75.5605
-75.5502
-75.577
-75.8044
-75.4718
-75.7152
-75.9041
-75.3687
-75.1124
-74.0725
-74.2062
-74.1571
-74.1446
-73.9946
-73.7812
-73.3283
-73.5736
-73.5462
-73.2208
-73.733
-73.5732
-73.0193
-72.8982
-73.1279
-73.0756
-72.8591
-72.7434
-72.5217
-72.5755
-72.4098
-72.3553
-72.0834
-72.1003
-72.201
-72.209
-71.8962
-71.8998
-72.0617
-72.0295
-72.3969
-72.4925
-72.6903
-73.0663
-73.1828
-73.144
-73.3275
-73.1441
-73.3642
-73.1884
-72.9462
-73.3116
-73.1209
-73.2986
-72.9415
-73.1751
-73.1687
-72.9313
-73.0405
-73.5602
-73.8198
-73.7059
-73.3571
-73.313
-73.4448
-73.6249
-73.3706
-73.5217
-73.8917
-73.9981
-74.211
-74.2495
-74.3327
-74.1611
-73.596
-73.643
-73.5907
-73.413
-73.6065
-73.6315
-73.4637
-74.0828
-73.8083
-73.8748
-73.7728
-73.8734
-73.7777
-73.7275
-73.493
-73.3691
-73.7711
-74.0505
-73.8708
-73.6125
-73.9412
-74.0265
-73.7312
-73.8015
-73.607
-73.2286
-73.0138
-72.7771
-72.8503
-72.8441
-73.2867
-73.0868
-73.3837
-73.718
-73.6515
-73.5693
-73.3467
-73.5776
-73.6835
-73.7698
-73.166
-73.6546
-73.6419
-73.1813
-72.7239
-73.0733
-73.4777
-73.7904
-74.0455
-74.1596
-74.2283
-73.8465
-73.9297
-73.8609
-74.0073
-74.2191
-74.0887
-73.7578
-73.9658
-74.2506
-73.911
-74.0223
-74.16
-74.1371
-73.9399
-74.0479
-73.8397
-73.7403
-73.4749
-73.5711
-73.4033
-73.2948
-73.8017
-73.8469
-73.7744
-73.8998
-74.0046
-74.0884
-74.199
-74.5335
-74.4807
-74.251
-73.8794
-74.1324
-73.7664
-73.391
-73.6976
-73.6999
-73.6472
-73.2411
-73.6233
-73.8886
-73.6458
-73.5826
-73.6834
-73.5747
-73.4073
-73.1918
-73.4102
-73.9918
-74.0385
-73.7257
-73.3748
-73.2282
-73.6535
-73.784
-73.8101
-73.9843
-73.6369
-73.5431
-73.1197
-73.5542
-73.9369
-73.6324
-73.9399
-74.0278
-73.9574
-73.8839
-73.7394
-73.8345
-73.622
-73.9175
-74.2367
-74.3714
-74.8994
-75.8739
-76.4534
-76.6819
-76.661
-76.6882
-77.496
-77.1814
-76.9648
-76.7952
-77.0107
-76.6622
-76.5318
-76.1157
-76.0243
-76.1143
-76.0961
-75.9311
-76.0125
-75.7047
-75.1879
-74.9644
-74.8125
-74.2776
-74.3205
-73.9704
-74.1219
-73.8001
-73.7976
-73.5807
-73.3152
-73.4053
-73.135
-72.8521
-72.8124
-72.5085
-72.6601
-72.7266
-72.5289
-72.3103
-72.0774
-72.2652
-71.7971
-72.2952
-72.0432
-71.6192
-71.8223
-72.0552
-72.1363
-72.3671
-72.4955
-72.6514
-72.7419
-72.81
-73.0045
-72.8826
-72.6145
-72.7511
-72.6771
-72.6794
-72.5661
-73.1233
-73.2206
-73.4055
-72.9502
-73.0537
-73.2857
-73.0632
-73.6946
-73.5441
-73.4748
-73.9003
-74.2409
-74.1927
-73.7987
-74.0666
-73.9567
-74.0024
-73.8555
-73.9418
-73.9803
-73.9383
-74.2614
-73.9405
-74.0388
-74.2128
-74.26
-74.6107
-74.4112
-74.099
-74.4198
-74.006
-73.583
-73.5557
-73.7056
-73.8817
-73.8444
-73.8345
-73.9404
-73.357
-73.2872
-73.5821
-73.5075
-73.8294
-73.4598
-73.1204
-73.736
-73.9117
-74.5215
-74.737
-74.4015
-74.1755
-73.8838
-74.208
-74.2582
-73.7751
-73.8894
-73.5914
-73.5486
-73.4999
-73.6768
-73.6861
-73.9353
-73.9241
-73.9207
-74.0648
-74.0679
-74.2587
-74.3611
-74.3859
-73.9297
-73.8019
-74.082
-74.3025
-73.9922
-74.0641
-73.7743
-73.5468
-73.211
-73.3092
-73.0484
-73.2527
-73.2919
-73.0869
-73.0642
-73.1206
-73.1434
-73.0868
-73.2515
-73.4746
-73.2984
-72.966
-72.8764
-72.9868
-73.2763
-73.166
-73.0533
-73.5986
-73.432
-74.0183
-74.3234
-73.7972
-73.8186
-73.7843
-73.9539
-73.6366
-73.7298
-73.7976
-73.8545
-73.7056
-73.6956
-73.4455
-73.6676
-73.7453
-73.9049
-74.0751
-73.6899
-73.5806
-73.864
-74.0726
-73.5251
-73.2382
-73.3012
-72.7447
-72.8472
-73.2597
-73.2133
-73.3498
-73.3975
-73.3708
-73.42
-73.6922
-73.3199
-73.4578
-73.3816
-73.5593
-73.7163
-73.8141
-73.9872
-73.7037
-73.5454
-73.6251
-73.3776
-73.1175
-72.9798
-72.9883
-74.1057
-74.8369
-76.0928
-76.1773
-76.311
-76.7215
-76.8197
-77.1239
-76.9404
-76.7341
-76.2021
-75.8895
-75.942
-75.8188
-75.8687
-75.6324
-74.965
-74.962
-75.3714
-75.0981
-74.9099
-74.9929
-74.4997
-74.3271
-74.2407
-73.9406
-73.381
-73.1796
-73.6907
-73.3306
-73.1514
-72.7181
-72.6739
-73.003
-73.1078
-72.7701
-72.7738
-72.3281
-72.0035
-72.0329
-72.1076
-71.8487
-72.1491
-72.2055
-72.2567
-72.6251
-72.7396
-72.8604
-73.1718
-72.8957
-72.9992
-72.9242
-72.7914
-73.323
-73.0168
-72.9618
-72.985
-72.8902
-72.9945
-73.2456
-73.258
-73.6914
-73.8198
-73.5297
-73.2547
-73.3024
-73.8194
-73.6867
-73.5694
-73.4112
-73.1115
-73.0602
-73.147
-73.4917
-73.3117
-73.1683
-72.8802
-73.1467
-73.0399
-72.9928
-72.9435
-73.1102
-73.4055
-73.0892
-73.0964
-73.4833
-73.2425
-73.5933
-73.2838
-73.1619
-73.2108
-73.1805
-73.1247
-73.0379
-73.3502
-73.238
-73.2716
-73.2969
-73.4619
-73.2327
-73.2862
-73.2585
-73.2466
-73.8949
-74.0055
-74.127
-74.0665
-73.9315
-73.6887
-73.5727
-73.7841
-73.5235
-73.5091
-73.823
-73.7564
-73.5405
-73.6473
-73.8348
-74.0862
-73.6942
-73.6204
-73.3223
-73.4868
-73.6971
-73.6451
-73.6613
-73.6431
-73.9376
-73.7953
-73.714
-73.7261
-73.9292
-73.7525
-73.6394
-73.6995
-73.4782
-73.6185
-73.7628
-73.9215
-74.3573
-73.984
-73.5184
-73.4295
-73.8485
-73.8971
-73.9843
-74.2594
-74.354
-73.8461
-73.7868
-73.6435
-73.632
-73.6791
-73.631
-73.1934
-72.9876
-72.9121
-73.2421
-73.293
-73.3156
-73.1977
-72.9521
-73.1397
-72.6443
-72.9073
-72.9844
-73.0668
-73.2874
-73.4842
-73.6756
-73.5527
-73.6731
-73.7184
-73.4636
-73.4993
-73.9122
-73.9389
-73.7197
-74.144
-74.0274
-73.7165
-73.8359
-73.3425
-73.6642
-73.4856
-73.9374
-74.0604
-74.1671
-74.0512
-73.6632
-73.8728
-74.1099
-73.9234
-73.6065
-73.5176
-73.2606
-73.4548
-73.383
-73.9416
-73.7872
-73.6894
-73.5582
-73.4645
-73.8588
-75.1178
-75.8627
-76.4823
-76.6886
-76.8559
-77.088
-77.1182
-76.5383
-76.4157
-76.1993
-76.3383
-76.3572
-75.8779
-75.8869
-76.3271
-76.0129
-75.8737
-75.6708
-75.7895
-75.7114
-75.4223
-75.374
-75.1273
-75.1168
-74.8006
-74.5702
-74.3402
-73.9479
-74.3778
-74.3723
-74.1739
-73.3987
-73.0654
-72.9908
-72.6509
-72.4559
-72.2514
-71.9164
-71.6687
-71.8235
-71.5211
-71.7468
-71.5624
-71.3208
-71.1183
-71.3436
-71.4875
-71.2875
-70.8801
-70.9437
-71.4976
-71.9899
-71.9244
-72.1866
-72.1299
-71.9565
-72.3661
-72.6619
-72.5751
-72.423
-72.3494
-72.8252
-73.3445
-73.3931
-73.1183
-73.0964
-72.7516
-72.5097
-73.1453
-73.1342
-73.1641
-73.3122
-73.6288
-73.9392
-73.9752
-74.1024
-73.9154
-73.6503
-73.5502
-73.5945
-74.01
-74.138
-74.2159
-74.2699
-74.0904
-74.646
-74.757
-74.6546
-73.9785
-73.9921
-74.4445
-74.659
-74.5212
-74.3289
-74.5814
-74.4091
-75.032
-74.9948
-74.8189
-74.5792
-74.3587
-74.0833
-73.7744
-74.1793
-74.0962
-74.1909
-74.0729
-73.7552
-73.4593
-73.5164
-73.3913
-73.3552
-73.2692
-73.2293
-73.1596
-73.6315
-73.801
-73.471
-73.2413
-73.0375
-73.114
-73.1811
-72.8912
-72.8957
-72.974
-72.964
-73.2565
-73.5728
-73.4146
-73.3047
-73.4219
-73.2575
-73.5095
-73.8606
-73.7997
-74.134
-73.9424
-74.0967
-74.1956
-74.1845
-74.0841
-74.0043
-74.1941
-74.1414
-73.9194
-73.851
-73.9689
-73.9055
-73.7196
-73.8516
-74.0219
-73.7988
-73.6408
-73.7363
-73.8031
-73.7294
-73.7413
-73.3179
-73.0898
-73.6986
-73.7937
-74.1023
-73.6781
-73.4803
-73.614
-73.8825
-73.5905
-73.792
-74.018
-73.975
-73.8869
-74.1123
-74.2548
-74.0981
-74.2949
-73.9921
-74.053
-74.065
-73.8563
-73.6293
-73.6118
-73.4227
-73.6303
-73.4911
-73.539
-73.6989
-73.5773
-73.2886
-73.4987
-73.4458
-73.4551
-73.5473
-73.6929
-73.5819
-73.0892
-73.0678
-73.6749
-73.6711
-73.5268
-73.2633
-73.4867
-73.6308
-73.3766
-73.2636
-73.7622
-74.3191
-75.0311
-75.9273
-76.3459
-76.776
-76.9069
-77.0195
-76.9937
-77.0848
-76.8066
-76.8884
-76.9449
-76.5686
-76.5335
-76.2712
-76.2242
-76.292
-75.7652
-75.4734
-75.3417
-75.1252
-74.9422
-74.4809
-74.3957
-74.186
-74.556
-74.8563
-74.3178
-74.3937
-74.4462
-74.3687
-74.0121
-73.9911
-73.7073
-73.1618
-72.6545
-72.4266
-72.1682
-72.4882
-72.6504
-72.5309
-71.8431
-71.6108
-71.3961
-71.8102
-72.0686
-72.1704
-72.0481
-72.3779
-72.3887
-72.8867
-73.4372
-72.9572
-73.1018
-73.1457
-73.1037
-73.0146
-72.9883
-73.1504
-73.0641
-73.6393
-73.5626
-73.4615
-73.4131
-73.1629
-73.062
-73.3771
-73.1533
-73.0504
-73.1285
-73.3646
-73.5675
-73.5851
-73.3533
-73.2948
-73.3056
-73.2646
-73.0328
-73.025
-73.1398
-73.2527
-73.5038
-73.7926
-73.8966
-73.9306
-73.8912
-74.3139
-74.3817
-74.3678
-74.1118
-74.2632
-74.0338
-73.8853
-73.966
-73.8265
-73.9322
-73.4805
-73.7245
-73.6869
-73.3204
-73.1421
-73.4695
-73.7769
-73.6738
-73.8394
-73.7914
-73.5761
-73.4723
-73.7074
-73.4397
-73.5416
-73.455
-73.719
-73.8588
-73.9901
-74.1194
-74.4444
-74.4758
-74.4855
-73.7069
-73.7767
-73.7812
-73.8105
-73.6635
-73.637
-73.1731
-73.3281
-73.3355
-73.0168
-73.1011
-72.7337
-73.0441
-72.89
-72.9379
-73.1377
-73.5705
-73.7262
-73.7486
-73.7161
-73.5462
-73.6885
-73.9926
-73.7193
-73.2474
-73
-73.2957
-73.2208
-73.3288
-73.6646
-73.7068
-73.7595
-73.9044
-73.3812
-73.6116
-73.5675
-73.5293
-73.5056
-73.2997
-73.0617
-72.9658
-73.1711
-73.1616
-72.7648
-72.7661
-72.8325
-72.7704
-73.0973
-73.3457
-73.4568
-73.9389
-74.0629
-73.5495
-73.3497
-73.2027
-72.7972
-72.8123
-72.9883
-73.2502
-73.304
-73.3563
-73.7163
-73.8068
-73.5952
-73.6194
-73.3442
-73.3174
-73.1117
-73.2011
-72.9891
-72.8518
-73.0208
-73.4908
-73.5978
-73.8599
-73.8908
-73.6591
-73.9992
-73.7001
-73.6235
-73.4766
-73.5576
-73.4898
-73.5198
-73.5729
-73.3058
-73.3188
-73.749
-74.3671
-75.3221
-76.2415
-76.8345
-76.8198
-76.8616
-76.9869
-76.6869
-76.9095
-76.9465
-76.3654
-76.2107
-76.2508
-76.0633
-76.1031
-75.9801
-75.8131
-75.5555
-75.239
-75.097
-75.0038
-74.707
-74.5227
-74.5571
-74.5116
-74.171
-73.9876
-73.6859
-73.5354
-73.5202
-73.4363
-73.8407
-73.7171
-73.3957
-73.2765
-72.9626
-73.1562
-72.9896
-72.8522
-72.8122
-72.7775
-72.6621
-72.2535
-72.1331
-71.8875
-71.5277
-71.6155
-71.7969
-71.8044
-71.7843
-71.966
-72.2104
-72.6631
-72.6903
-72.3598
-72.1351
-72.4187
-72.2691
-72.4005
-72.7067
-72.6726
-72.7457
-72.5972
-72.451
-72.8772
-72.8815
-72.7209
-72.9511
-73.3532
-73.2054
-73.5045
-73.6117
-73.6551
-73.5302
-73.7196
-73.848
-73.3876
-73.3404
-73.4857
-73.6478
-73.5505
-73.2065
-73.5172
-73.5456
-73.488
-73.7953
-73.9873
-73.9178
-73.8964
-73.3277
-72.9513
-73.316
-73.5296
-73.8001
-73.7687
-74.0248
-74.0979
-74.0778
-74.2782
-73.6274
-73.4307
-73.5076
-73.2508
-73.308
-73.366
-73.4157
-73.0912
-73.2672
-73.5801
-73.3234
-73.6302
-73.739
-73.5907
-73.7491
-73.5017
-73.2241
-73.2299
-72.7454
-72.5069
-72.2448
-72.1809
-72.2577
-72.5252
-72.8244
-72.3579
-72.849
-72.9238
-73.2423
-73.4226
-73.2647
-73.4982
-73.5242
-73.7969
-73.7192
-73.2999
-73.5219
-73.7105
-73.5284
-73.5626
-73.7876
-73.6998
-73.901
-73.8741
-73.8482
-73.6
-73.5484
-73.2262
-73.4406
-73.7567
-73.7368
-73.8278
-73.989
-74.0768
-73.9777
-74.016
-73.8401
-74.3362
-74.2739
-74.3974
-74.1028
-73.9449
-74.3839
-74.3315
-74.4896
-73.9903
-73.5639
-73.5351
-73.2358
-73.7741
-73.4076
-73.3068
-73.4114
-73.596
-73.7479
-73.6345
-73.5404
-73.5695
-73.6853
-73.8388
-73.8461
-73.6016
-73.679
-73.7612
-73.6605
-73.553
-73.2123
-73.2581
-73.4233
-73.5162
-73.4259
-73.4072
-73.3269
-73.2262
-73.4345
-73.5718
-73.6854
-73.8023
-73.7734
-73.67
-73.2697
-73.4156
-73.5135
-73.8538
-74.1407
-75.0236
-75.9232
-76.6016
-76.7559
-76.713
-77.0646
-76.8471
-77.0231
-76.8341
-76.7182
-76.3306
-76.4266
-76.4329
-76.3387
-75.9441
-76.0405
-75.9444
-75.4873
-75.3928
-75.35
-75.1695
-74.8285
-74.966
-74.577
-74.3312
-74.1485
-73.8038
-73.6495
-73.5516
-73.2651
-73.1544
-72.7094
-72.5118
-73.0215
-72.6446
-72.2561
-72.1786
-72.3679
-72.2758
-72.1965
-72.0866
-71.9204
-71.6549
-71.7611
-71.5142
-71.8142
-71.8152
-71.602
-71.8723
-71.7559
-72.0571
-72.5323
-72.5386
-72.4165
-72.5997
-72.4118
-72.9524
-72.9461
-73.0714
-73.1346
-72.8914
-73.2654
-73.5624
-74.0488
-74.0396
-73.9914
-73.6936
-73.8808
-73.8933
-73.6881
-74.0382
-74.1723
-73.9902
-74.1718
-74.1876
-73.998
-74.0271
-73.9617
-73.9193
-73.7938
-73.7035
-73.7601
-73.6111
-73.5729
-73.3662
-73.0159
-72.9604
-73.4982
-73.6434
-73.4061
-73.4863
-73.3884
-73.5383
-73.7049
-73.6618
-73.279
-73.1033
-73.3085
-73.3953
-73.2669
-73.5802
-73.6016
-73.7417
-73.5918
-73.1057
-73.35
-73.7169
-73.5944
-73.6073
-73.7238
-74.0435
-74.0779
-73.9344
-73.6487
-73.7467
-74.2546
-74.4433
-74.4636
-74.2664
-73.966
-74.0183
-73.4882
-73.1891
-73.4268
-73.516
-73.3034
-73.7348
-73.8955
-74.0173
-73.9209
-73.8617
-74.0767
-74.0574
-73.6881
-73.7259
-73.5685
-73.5952
-73.6681
-73.1107
-73.2644
-73.5571
-74.0875
-74.1572
-74.5095
-74.3105
-74.3612
-73.837
-74.3297
-74.4069
-74.0608
-73.6839
-73.8374
-73.7002
-73.5119
-73.4515
-73.7675
-73.7403
-73.6664
-73.4781
-73.1974
-73.2096
-73.1666
-73.3791
-73.2731
-73.0878
-73.1581
-73.331
-73.7373
-73.3724
-73.4211
-73.0642
-73.0377
-73.1581
-73.3123
-73.5424
-73.2833
-72.9462
-73.3705
-73.2353
-73.9045
-73.8522
-73.8045
-73.6947
-73.318
-73.6292
-73.7057
-73.5568
-73.312
-73.5715
-73.3171
-73.3708
-73.2514
-73.14
-73.239
-73.3777
-73.3697
-73.4771
-73.7283
-73.6448
-73.9813
-74.2086
-73.8479
-73.6858
-73.5603
-73.2526
-73.5944
-74.8828
-75.5364
-76.3241
-76.5063
-76.5166
-76.5963
-76.4624
-76.2357
-76.3419
-76.2072
-76.2689
-76.1093
-75.9476
-76.0836
-76.0483
-76.0317
-75.6463
-75.5091
-75.5003
-75.2756
-75.2273
-74.7701
-74.4445
-74.4422
-74.3988
-73.9882
-73.8826
-73.8056
-73.7921
-73.3997
-73.3648
-73.1449
-72.8701
-72.6208
-72.8551
-72.6571
-72.3253
-72.3958
-72.2301
-72.5356
-72.378
-72.3558
-72.3123
-72.5019
-72.5855
-72.422
-72.1387
-72.2767
-72.1516
-71.9422
-71.7416
-71.8103
-71.8873
-71.6966
-71.5626
-72.1318
-72.1205
-72.2697
-72.8375
-72.8644
-72.9808
-73.2875
-73.2655
-72.9085
-72.9848
-73.1663
-73.143
-73.3877
-73.2966
-73.1189
-73.1372
-73.1801
-73.2378
-73.4044
-73.3522
-73.5018
-73.4721
-73.2968
-73.2017
-73.0689
-73.1925
-73.2658
-73.3829
-73.1277
-73.3817
-73.0745
-73.0688
-73.0997
-73.3787
-73.566
-73.6558
-73.4526
-72.9918
-72.9398
-73.4916
-73.572
-73.6923
-73.7052
-73.6417
-73.7874
-73.4602
-73.8303
-73.685
-73.4323
-73.3611
-73.5669
-73.7
-74.0877
-73.8887
-73.9056
-73.9045
-74.0127
-73.8502
-73.5709
-73.7271
-73.8442
-73.564
-73.3728
-73.6804
-73.947
-73.6769
-73.6184
-73.753
-73.5785
-73.5545
-74.0942
-74.0375
-74.031
-73.714
-73.6773
-74.3121
-74.3109
-74.0921
-73.7082
-73.7047
-73.7377
-74.0436
-74.0606
-74.0595
-73.9509
-73.8734
-74.1368
-74.0839
-74.2335
-74.0569
-74.0262
-74.2546
-74.0419
-74.2284
-74.2497
-74.6573
-74.3968
-74.5456
-74.6773
-74.3882
-74.1269
-73.9594
-74.1481
-73.8999
-73.8578
-74.3229
-73.8679
-73.6537
-73.6071
-73.6406
-73.5293
-73.3291
-73.3371
-73.2546
-73.4275
-73.4877
-73.2264
-73.2904
-72.8146
-73.1218
-73.3365
-73.4831
-73.0955
-73.5658
-73.1438
-73.2876
-73.1275
-73.3494
-73.1883
-73.2337
-73.3642
-73.6742
-73.7748
-73.9388
-74.1445
-74.1447
-74.1028
-74.0704
-73.8189
-73.5532
-73.6267
-73.0004
-72.9875
-73.3869
-73.549
-73.9209
-74.0553
-74.2739
-73.9846
-74.2638
-75.0936
-75.9628
-76.5475
-76.4045
-76.8495
-77.0938
-76.8127
-77.0766
-76.7931
-76.5119
-76.5825
-76.1889
-75.8819
-75.2506
-75.4244
-75.3125
-75.3257
-74.9654
-75.0813
-75.3034
-75.277
-75.4132
-74.9443
-74.5082
-74.3788
-74.1247
-74.2163
-73.9313
-74.1547
-73.6059
-73.4221
-73.2992
-73.1888
-72.7439
-72.7361
-72.1187
-72.0591
-72.1213
-72.2613
-72.0432
-72.1218
-71.6994
-71.6177
-71.7536
-71.8289
-71.9225
-71.9332
-72.2474
-72.561
-72.8533
-72.896
-73.2651
-72.879
-72.9043
-73.1661
-73.1265
-73.1527
-73.0883
-73.1695
-73.0346
-73.3729
-73.5702
-73.748
-73.9007
-73.4181
-73.3909
-73.5107
-73.5277
-73.933
-73.8007
-73.69
-73.7375
-73.6826
-73.7757
-73.4196
-73.8244
-73.8759
-73.776
-73.3932
-73.6208
-73.5429
-73.5559
-73.727
-74.0807
-73.7041
-73.5754
-73.7232
-73.6962
-73.816
-73.6889
-73.5593
-73.6977
-73.4194
-73.4559
-73.2311
-73.5447
-73.1428
-73.0964
-72.8304
-72.8606
-73.1861
-72.8184
-72.8194
-73.1767
-73.1949
-73.5118
-73.5437
-73.4748
-73.6699
-73.7564
-73.3152
-73.2454
-73.0927
-73.4772
-73.59
-73.6628
-73.7089
-73.7175
-73.7639
-74.0668
-73.8869
-74.3078
-74.0175
-74.054
-73.7356
-73.8667
-74.0544
-74.1946
-73.9358
-73.8114
-73.7123
-73.5979
-73.9165
-73.7817
-73.4019
-73.381
-73.4673
-73.7565
-73.6478
-73.4152
-73.3975
-73.5472
-73.2349
-73.2945
-73.0921
-73.5307
-73.5171
-73.5569
-73.7365
-73.929
-73.9193
-73.719
-73.9793
-73.909
-74.2413
-73.9638
-73.786
-73.5608
-73.6422
-73.5806
-73.7865
-73.4058
-73.1885
-73.4571
-73.2348
-73.6986
-73.9631
-73.8474
-73.3177
-73.3151
-73.1954
-73.1482
-73.5747
-73.5897
-73.0019
-73.0699
-73.2073
-73.5968
-73.9784
-73.8234
-73.9229
-73.9049
-73.8151
-73.9194
-74.2072
-73.8184
-73.6336
-73.448
-73.59
-73.3618
-73.6986
-74.0533
-73.872
-73.4467
-73.4948
-73.336
-73.4425
-73.6597
-73.2266
-73.0439
-73.4447
-73.7934
-73.7453
-73.6268
-74.0922
-74.8693
-75.5178
-76.2088
-76.5531
-76.655
-76.602
-76.7302
-76.6827
-76.625
-76.955
-76.4351
-76.0643
-75.5789
-75.6149
-75.6931
-75.7233
-75.5797
-75.3049
-75.6711
-75.9011
-75.5945
-75.3155
-74.8396
-74.8396
-74.6104
-74.5383
-74.0729
-73.8738
-73.4273
-73.4546
-73.3827
-73.5992
-73.2057
-72.6808
-72.2854
-71.9813
-72.3534
-72.0692
-71.7904
-72.0122
-71.9443
-71.5907
-71.8608
-71.4773
-71.3954
-71.6994
-71.7607
-72.3292
-72.5111
-72.8923
-73.1724
-73.1015
-72.5924
-72.7636
-72.7944
-72.7395
-72.7751
-73.1836
-72.7766
-73.1865
-73.0091
-73.0684
-73.2758
-73.4181
-73.3801
-73.291
-73.415
-73.0473
-72.768
-72.7132
-72.9774
-73.1561
-73.4798
-73.425
-73.406
-73.6611
-73.5961
-73.5534
-73.9033
-73.8652
-73.6622
-73.9951
-73.4247
-73.3776
-73.1523
-72.6758
-72.9468
-73.2286
-73.0273
-73.232
-73.017
-73.1547
-73.0911
-73.4096
-73.2885
-73.2726
-73.09
-73.4024
-73.7299
-73.9478
-73.6001
-73.3405
-73.2537
-73.037
-73.0156
-73.089
-73.4873
-73.5214
-73.6492
-73.5168
-73.482
-73.7262
-73.4865
-73.8202
-73.6836
-73.7389
-73.7314
-73.4454
-73.4734
-73.1772
-73.217
-73.5078
-73.7594
-73.794
-73.8519
-73.5503
-73.2747
-73.4224
-73.5898
-73.8548
-73.8495
-74.0471
-74.444
-74.1699
-73.6818
-73.4975
-73.9367
-73.8341
-73.6044
-73.6417
-73.4373
-73.2821
-73.4115
-73.2158
-73.2872
-73.3874
-73.2168
-73.471
-73.2438
-73.3652
-73.7882
-73.8737
-73.6254
-73.7677
-73.7252
-73.8595
-74.2217
-74.2726
-73.6124
-73.6488
-73.2774
-73.2557
-73.4539
-73.6571
-73.3481
-73.5866
-73.6976
-73.669
-73.4511
-73.6701
-74.0967
-73.8459
-73.4389
-72.756
-73.1744
-73.4326
-73.4299
-73.7638
-73.6376
-73.5224
-73.7939
-73.8295
-73.5273
-73.3808
-73.8849
-73.4858
-73.4949
-73.4932
-73.862
-74.1997
-74.272
-74.0888
-74.0795
-73.9163
-73.8435
-73.7431
-73.0137
-72.9444
-73.0727
-72.9193
-73.1675
-73.4381
-73.2628
-73.8322
-73.4516
-73.7222
-74.2033
-75.4874
-76.2192
-76.7501
-76.9572
-77.0819
-76.9313
-77.2738
-77.0624
-76.9486
-76.5802
-75.6758
-75.5756
-75.5256
-75.4707
-75.8791
-76.0237
-75.5021
-75.4782
-75.401
-75.1844
-74.8596
-74.6282
-74.4148
-74.0745
-73.8023
-73.6624
-73.7686
-73.3926
-73.4198
-73.1538
-73.1272
-73.3019
-72.9517
-72.9815
-72.489
-72.2659
-71.9162
-71.8614
-71.6526
-71.8192
-71.6063
-71.6056
-71.9167
-72.0426
-71.8143
-71.6933
-71.827
-71.8341
-71.9488
-72.0083
-71.9377
-71.9765
-71.9436
-72.2387
-72.6755
-72.5875
-72.5353
-72.5429
-72.6591
-73.4657
-73.0946
-73.3442
-73.3996
-72.9845
-73.2456
-73.6182
-73.7445
-73.8386
-73.6875
-73.7376
-73.9524
-73.7444
-73.8179
-73.3577
-72.96
-72.8425
-72.9965
-73.4808
-73.8168
-73.7817
-73.9339
-73.8292
-73.6005
-73.4379
-73.2026
-73.0572
-73.313
-73.455
-73.4893
-73.3392
-73.3549
-73.0571
-73.0834
-73.0641
-73.3394
-73.1519
-73.3458
-73.5019
-73.7343
-73.9232
-73.7598
-73.3492
-73.355
-73.6603
-73.495
-73.5489
-73.7845
-73.5388
-73.3804
-73.5112
-73.6709
-73.3439
-73.2918
-73.3927
-73.4306
-73.4558
-73.2966
-73.3952
-73.2517
-73.5015
-73.5446
-73.4917
-73.831
-73.5076
-73.1333
-73.2833
-73.239
-73.4153
-73.3901
-73.4484
-73.3298
-73.2665
-73.1893
-73.1321
-73.0685
-72.8933
-72.9353
-72.9465
-73.1536
-73.4114
-73.4605
-73.1164
-73.5607
-73.2477
-72.8598
-73.0969
-73.0281
-72.6893
-72.5667
-72.7494
-73.0712
-73.0978
-73.344
-73.1927
-73.3287
-73.5379
-73.9775
-73.792
-73.6399
-73.3126
-73.1389
-72.924
-73.2137
-73.2604
-73.7513
-73.3104
-73.2603
-73.1334
-73.2638
-73.6408
-73.5829
-73.5878
-73.3182
-73.5899
-74.0622
-74.0415
-73.9455
-74.1135
-73.8218
-74.0678
-73.9536
-73.655
-73.5592
-73.6639
-73.8013
-73.9722
-74.1875
-74.4567
-74.2994
-74.2482
-73.8135
-73.6193
-73.158
-73.4835
-73.1147
-73.2243
-73.749
-73.3528
-73.3847
-73.5448
-73.5558
-73.4929
-73.3126
-73.24
-73.5928
-73.7586
-74.4426
-75.6954
-76.2354
-76.4018
-76.8233
-76.8806
-76.9109
-76.9149
-76.5969
-76.1416
-76.0329
-76.2038
-76.3531
-76.6924
-76.5349
-76.4466
-76.5114
-76.2901
-76.0287
-75.5856
-75.3795
-75.3055
-75.3712
-74.9002
-74.5481
-74.1885
-73.7509
-73.7314
-73.4438
-73.8581
-73.6806
-73.1186
-72.8821
-72.8497
-72.7149
-72.5901
-72.8038
-72.3401
-71.8305
-71.8309
-71.6771
-71.6844
-71.3157
-71.4799
-71.5331
-71.5283
-71.9013
-71.7367
-71.8461
-71.7463
-72.1337
-72.1363
-72.234
-72.3268
-72.2233
-72.3671
-72.3614
-72.0352
-72.1347
-72.4256
-72.693
-72.9095
-72.9885
-72.9407
-73.0403
-72.809
-72.9374
-73.1161
-72.913
-73.3316
-73.3073
-73.1075
-73.0807
-73.0389
-72.6454
-73.0725
-73.5692
-73.6988
-73.6331
-73.7271
-73.3022
-72.8205
-72.6138
-72.9269
-72.8236
-72.6988
-72.5474
-72.8862
-72.8393
-72.9706
-73.4759
-73.7095
-73.7421
-73.71
-73.636
-73.7343
-73.7462
-73.4389
-73.794
-73.6795
-73.7655
-74.0744
-73.808
-73.7772
-73.8045
-73.5384
-73.6301
-73.4263
-73.2914
-72.995
-73.5012
-73.7309
-73.5263
-73.0679
-72.9833
-73.2885
-73.5955
-73.4626
-73.3979
-73.2227
-73.7471
-73.8637
-73.7783
-73.6272
-73.1905
-73.3804
-73.9164
-73.9853
-73.7727
-73.5494
-73.3651
-73.1209
-73.3626
-73.6088
-73.2786
-73.2467
-73.203
-73.4482
-73.6636
-73.5985
-73.6389
-73.5487
-73.4887
-73.3256
-73.3543
-73.4998
-73.455
-73.6687
-73.6511
-74.0692
-74.2605
-74.387
-74.1198
-74.1422
-74.5994
-74.3617
-74.2073
-74.305
-74.2447
-74.1597
-74.1384
-73.9024
-73.699
-73.7607
-73.7813
-73.6372
-73.6808
-73.9709
-73.5533
-73.3832
-73.6162
-74.0035
-73.879
-73.6987
-74.0102
-74.0599
-74.3249
-73.9612
-74.1983
-74.0744
-73.724
-73.6987
-73.6568
-74.1505
-74.2092
-74.2461
-74.2635
-73.7148
-73.943
-74.0065
-73.4832
-73.7487
-73.6383
-73.5932
-73.471
-73.3603
-73.3331
-73.3378
-73.1966
-73.2644
-73.6948
-73.833
-73.7497
-73.762
-73.5237
-73.4217
-73.3344
-74.5435
-75.5192
-75.9983
-76.6099
-76.6329
-76.8082
-76.9796
-76.9466
-76.7625
-76.3861
-76.3449
-76.2589
-76.1718
-75.8974
-75.9712
-76.0565
-75.7624
-75.1104
-74.8978
-75.1396
-75.0111
-74.8818
-74.5993
-74.567
-74.9242
-74.6873
-74.1452
-73.9694
-73.6253
-73.3067
-72.9933
-72.8033
-72.4207
-72.6911
-73.2208
-72.703
-72.8751
-72.8744
-72.4813
-72.0307
-72.256
-72.2268
-72.1224
-71.6095
-71.2139
-71.5879
-71.4108
-71.988
-71.8464
-72.0737
-72.0865
-72.1624
-72.0648
-72.6122
-72.7551
-72.7057
-72.3219
-72.8418
-73.0292
-73.3677
-73.4223
-73.5158
-73.386
-73.2025
-73.1557
-73.1085
-73.2077
-72.898
-73.0348
-73.4526
-73.8334
-73.7935
-74.0089
-73.7219
-73.5685
-73.462
-73.5526
-73.5652
-73.5633
-73.3364
-73.1707
-73.2607
-73.0944
-73.2175
-73.2764
-73.5658
-73.474
-73.5715
-73.3916
-73.3299
-73.5913
-73.4725
-73.3614
-73.2762
-73.3993
-73.5365
-73.3238
-73.6079
-73.6416
-73.7743
-73.4392
-73.7204
-73.3824
-73.3937
-72.9495
-73.0583
-72.7648
-72.8022
-72.8935
-73.0382
-72.8682
-72.7945
-73.0094
-73.1251
-73.0171
-73.2454
-73.0756
-72.867
-73.0137
-73.1731
-72.9475
-72.9993
-73.4291
-73.582
-73.3803
-73.4005
-73.35
-73.5047
-74.1814
-74.295
-74.1558
-74.0944
-73.8712
-73.7396
-73.6468
-73.3553
-73.4318
-73.5321
-73.1672
-73.4432
-73.9746
-74.141
-73.943
-73.8023
-73.9887
-73.9486
-73.9624
-73.4307
-73.6542
-73.4849
-73.1103
-73.0777
-73.099
-72.6502
-73.1488
-73.3281
-73.6841
-73.6104
-73.6722
-73.737
-73.5989
-74.1852
-74.1985
-74.2809
-74.3051
-74.8248
-74.4016
-74.4903
-74.2748
-74.1013
-73.6476
-73.722
-73.6758
-73.4674
-73.2999
-73.2121
-73.0494
-73.3792
-72.9979
-73.3356
-73.022
-73.2045
-72.9315
-72.7256
-73.117
-73.3133
-73.2417
-72.892
-73.5095
-73.3758
-73.0087
-73.0609
-73.1924
-73.7418
-73.5968
-73.9211
-73.9591
-74.1077
-73.7441
-73.7813
-73.4658
-73.4486
-73.443
-73.6086
-73.5709
-73.8083
-74.4076
-74.691
-75.4616
-75.8961
-76.8225
-77.0795
-77.0712
-77.1895
-76.7865
-76.4157
-76.2014
-76.3293
-76.1313
-76.1502
-75.9942
-76.1029
-75.9904
-75.9437
-75.4951
-75.004
-74.651
-74.2017
-74.2414
-74.382
-74.2045
-74.0974
-73.8654
-73.6327
-73.1081
-72.734
-72.6974
-72.7575
-72.6042
-72.3483
-72.556
-72.2396
-72.3194
-72.3881
-72.2245
-72.0317
-71.7287
-71.7362
-71.7097
-72.0301
-72.4677
-72.0197
-72.4477
-72.3774
-72.7554
-72.6651
-72.8838
-72.8698
-72.8712
-72.7958
-73.1436
-73.3732
-73.3165
-73.2442
-73.303
-72.8409
-72.7579
-73.0946
-72.9592
-72.8303
-73.1459
-73.0903
-73.2425
-73.2447
-73.5618
-73.3826
-72.9268
-73.2299
-73.7371
-73.6571
-73.7899
-73.4124
-73.3128
-73.0939
-72.9904
-72.9793
-72.8777
-72.8704
-72.845
-73.1211
-73.0526
-73.0126
-73.0216
-73.3565
-73.8867
-73.9955
-74.0387
-73.9482
-73.5889
-73.2633
-73.0759
-73.3008
-73.4372
-73.721
-73.7481
-73.5789
-73.6343
-73.4313
-72.9303
-72.777
-72.5882
-72.9811
-73.3407
-73.4936
-73.1347
-73.0667
-73.6626
-73.7036
-73.354
-73.2766
-73.6061
-73.4084
-73.2756
-73.1424
-73.7076
-73.5462
-73.2041
-73.3141
-73.1905
-73.116
-72.9829
-73.0182
-72.9337
-73.124
-73.233
-73.0347
-73.1219
-73.1911
-72.7692
-73.2081
-73.5538
-73.6639
-73.7303
-73.8545
-74.1731
-74.0071
-73.727
-73.4307
-73.1641
-73.6141
-73.888
-73.2495
-73.093
-73.1804
-73.3283
-73.3086
-73.4804
-73.3786
-72.9508
-73.0994
-73.221
-73.3934
-73.375
-73.192
-73.3132
-73.4341
-73.2215
-72.9663
-73.3923
-73.3122
-73.3907
-73.5112
-73.9009
-74.1366
-73.6801
-73.8879
-73.8591
-73.3268
-73.4562
-73.6455
-73.7261
-73.6245
-73.4738
-73.4824
-73.6646
-73.9684
-73.5423
-73.8113
-74.0461
-74.0373
-74.0592
-73.8545
-74.0426
-73.7761
-73.5146
-73.6756
-73.9
-73.9059
-74.0208
-74.147
-73.8989
-73.7886
-73.8631
-73.8103
-73.449
-73.4327
-73.4087
-73.1196
-73.4816
-73.3723
-73.6117
-73.9762
-74.511
-75.2247
-76.0567
-76.4054
-76.8782
-77.1444
-77.1021
-77.0857
-76.9277
-76.4398
-76.2462
-76.3427
-76.4833
-76.2863
-75.8173
-75.6703
-75.4764
-75.3189
-74.9824
-74.6124
-74.714
-74.9217
-74.9259
-74.753
-74.8256
-74.4928
-74.3336
-74.5199
-73.9851
-73.6253
-73.5215
-73.4544
-73.2763
-73.217
-73.1586
-72.9329
-72.6162
-72.2947
-71.7693
-71.3083
-71.1928
-71.1199
-71.2008
-71.1494
-71.3623
-71.16
-71.7154
-71.9242
-72.2984
-72.4831
-72.2872
-72.26
-72.0294
-72.4532
-72.2108
-72.2918
-72.4624
-72.6629
-72.8055
-72.9947
-73.2394
-73.121
-73.082
-73.0121
-73.3513
-73.6223
-73.7123
-73.765
-73.7682
-74.0855
-74.2383
-73.9999
-73.618
-73.9058
-74.1612
-74.1763
-73.9317
-73.8138
-73.777
-73.6967
-73.9357
-74.0122
-73.3353
-73.4092
-73.6738
-73.3876
-73.3762
-73.2001
-73.6177
-73.1563
-73.5071
-73.6995
-73.9398
-74.112
-73.9467
-73.6013
-73.8683
-73.978
-74.0404
-74.0577
-74.0205
-73.9453
-74.1715
-74.3528
-74.113
-74.4064
-74.4556
-74.2432
-73.9765
-74.1212
-74.2931
-73.6977
-73.5241
-73.4644
-73.7301
-73.5994
-73.7256
-73.5564
-72.8851
-72.9287
-73.0631
-73.416
-73.6675
-73.6987
-73.5187
-73.6208
-73.9564
-73.7712
-73.9408
-74.1611
-74.272
-74.3607
-74.1426
-73.7864
-73.5926
-73.9872
-73.7591
-73.7736
-73.1974
-72.8899
-73.0308
-73.1859
-73.1631
-73.2584
-73.1939
-73.2987
-73.0349
-73.4182
-73.7085
-73.9791
-73.956
-73.5879
-73.1027
-73.2967
-73.7507
-73.8145
-74.0075
-74.1608
-74.1756
-73.9598
-73.8179
-74.2667
-74.6014
-74.7757
-74.59
-74.7407
-74.5356
-74.5196
-74.2761
-74.1957
-74.017
-73.7422
-73.6014
-73.6008
-73.3425
-73.2327
-73.314
-73.2921
-73.3099
-73.2067
-73.4511
-73.8317
-73.7259
-73.6022
-73.1555
-73.498
-73.2696
-73.4
-73.6548
-73.6077
-73.9016
-74.0467
-74.4419
-74.3853
-74.4269
-74.0235
-74.2159
-74.648
-74.5282
-74.6801
-74.8097
-74.5807
-74.5759
-74.3656
-74.2084
-74.1864
-75.0628
-76.1501
-77.025
-76.9913
-76.9904
-76.8396
-76.6995
-76.4039
-76.5837
-76.0713
-76.1452
-76.4539
-76.4501
-75.8674
-75.3306
-75.294
-75.1436
-75.3519
-75.1192
-75.1833
-74.8482
-74.4664
-74.4059
-74.1367
-74.181
-74.1656
-74.5485
-74.5825
-74.4446
-74.2372
-73.6592
-73.5774
-73.5621
-73.0969
-72.9865
-72.6122
-72.5028
-72.7066
-72.7448
-72.5076
-72.5193
-72.4055
-71.9192
-71.6899
-71.5585
-71.4259
-71.4216
-71.7911
-72.0365
-72.4928
-72.5025
-72.3568
-72.2926
-72.693
-72.8244
-73.2318
-73.1591
-73.1424
-73.2932
-73.4369
-73.508
-73.0675
-73.053
-73.4113
-73.4098
-73.4573
-73.6387
-73.5763
-73.6951
-73.68
-73.4154
-73.6509
-74.0282
-74.0922
-73.5859
-72.9795
-73.0234
-73.0366
-73.2342
-73.1553
-73.4753
-73.6798
-73.6956
-73.3022
-73.2985
-73.2291
-73.074
-73.4126
-73.4217
-73.2265
-73.4986
-73.1586
-73.0203
-72.9448
-73.0848
-73.1291
-73.4403
-73.2095
-73.3103
-73.2911
-73.4922
-73.5799
-73.4973
-73.8698
-73.851
-73.8532
-74.1309
-74.2434
-74.4096
-74.3266
-74.2806
-74.3805
-74.2721
-74.1191
-74.3586
-74.1166
-73.9902
-73.955
-73.9359
-73.6833
-73.5179
-73.3367
-73.2679
-73.1415
-72.918
-72.848
-73.1078
-73.0274
-73.1455
-73.2712
-73.2259
-73.1522
-73.2958
-73.0752
-72.9187
-72.7674
-73.0199
-73.2461
-73.3081
-73.1843
-73.2259
-73.0237
-73.234
-73.2476
-73.3077
-73.2422
-73.1792
-73.2282
-73.1117
-73.6996
-73.7816
-73.9551
-73.9472
-73.7288
-73.7988
-73.0615
-72.9896
-73.2007
-73.3328
-73.2279
-73.315
-73.3005
-73.4988
-73.2388
-73.3971
-72.9584
-72.9268
-73.1235
-72.8043
-72.4587
-72.7094
-72.6824
-72.7475
-72.8564
-72.8655
-72.7525
-72.8733
-73.0249
-73.3221
-73.516
-73.6264
-73.5585
-73.9113
-73.7061
-73.8438
-73.5517
-73.7522
-73.4346
-73.7672
-73.547
-73.5237
-73.4112
-73.5065
-73.4057
-73.4851
-73.279
-73.81
-73.5266
-73.3868
-73.5661
-73.1651
-73.2384
-73.2455
-73.3089
-73.647
-74.2047
-74.9093
-75.5348
-75.7361
-75.913
-76.3294
-76.9639
-77.1498
-76.9835
-76.84
-76.5999
-76.4937
-75.7904
-75.2773
-75.6582
-75.9132
-75.9063
-75.3354
-75.034
-74.7693
-74.7499
-74.4064
-74.2862
-74.224
-73.739
-73.241
-73.2274
-73.4877
-73.1393
-73.5668
-73.4573
-72.8406
-72.6553
-72.5932
-72.7013
-72.6149
-72.1943
-72.1467
-72.0009
-72.1252
-72.0449
-72.2829
-72.5099
-72.7565
-72.5487
-72.4
-72.3113
-72.2576
-72.3398
-72.2156
-72.7864
-72.9164
-72.6213
-72.4291
-72.592
-72.6083
-72.425
-72.5412
-72.8422
-72.802
-72.8533
-72.8813
-72.8135
-73.0465
-73.2543
-73.2085
-73.3366
-73.6854
-73.7103
-73.6327
-73.7199
-73.555
-73.5154
-73.3759
-73.4438
-72.948
-72.8303
-73.0224
-72.8621
-72.9956
-73.1019
-73.1017
-73.5298
-73.475
-73.8801
-73.7521
-73.9636
-73.6682
-74.2015
-73.9214
-73.9178
-73.9205
-73.7677
-73.8602
-74.1627
-73.7209
-73.9016
-74.0114
-73.4889
-73.6494
-74.2551
-74.1085
-74.0264
-74.027
-73.4621
-73.5066
-73.6521
-73.7046
-73.94
-73.5667
-73.6603
-74.0122
-73.7479
-73.4598
-73.4444
-73.7625
-73.4088
-73.1543
-73.8053
-74.0872
-74.2469
-74.0079
-74.095
-74.095
-74.1225
-74.372
-74.2077
-74.1058
-74.1706
-74.2237
-74.4192
-74.3778
-74.1634
-74.0069
-74.0735
-73.9822
-74.0433
-73.9324
-73.5482
-73.6107
-73.6458
-73.6421
-73.7555
-73.789
-73.7534
-73.771
-73.652
-73.2918
-73.2144
-73.1
-73.1339
-73.0172
-73.5916
-73.5555
-73.7935
-73.6425
-73.2048
-73.4399
-73.2307
-73.3655
-73.4663
-73.5588
-73.5673
-73.8617
-73.8602
-73.6373
-73.7814
-73.6203
-73.2024
-72.7706
-73.1157
-73.3025
-73.373
-73.5837
-73.7589
-74.0065
-73.8218
-74.1628
-73.9637
-73.7557
-73.9629
-74.1881
-74.1769
-74.0991
-74.3782
-73.9794
-73.6392
-73.5508
-73.9533
-73.5204
-73.67
-74.1877
-73.7427
-73.3097
-73.5424
-73.4717
-73.6344
-73.7408
-73.6551
-73.7507
-73.692
-73.6941
-73.4292
-73.7316
-73.7615
-74.1744
-74.4714
-74.7169
-75.4845
-75.8467
-76.3121
-76.4921
-76.409
-76.2043
-76.1953
-75.9394
-75.6928
-75.4934
-75.7009
-76.2307
-75.9182
-75.7696
-75.8034
-75.8105
-75.5511
-75.765
-75.6847
-75.2056
-75.0782
-75.2145
-74.6045
-74.4727
-74.2114
-74.0247
-74.131
-74.3169
-74.4607
-74.0917
-73.6736
-73.7016
-74.2038
-73.5272
-73.5562
-73.4266
-72.9481
-72.8052
-72.6071
-72.2108
-72.0024
-71.769
-71.4703
-71.4945
-71.3707
-71.3908
-71.6917
-71.8995
-71.8914
-71.5689
-71.6575
-71.7131
-71.819
-72.145
-72.5443
-72.7767
-72.763
-73.0035
-73.4892
-73.4556
-73.3934
-73.1494
-73.0677
-72.8456
-72.9497
-73.178
-73.1258
-72.9182
-73.2325
-73.3755
-72.988
-73.4444
-73.429
-73.7414
-73.7928
-74.0003
-73.8955
-73.5969
-73.5424
-73.4131
-72.9729
-72.9616
-73.0697
-73.2924
-72.9016
-73.1816
-73.1555
-73.0724
-72.9855
-73.0179
-72.7566
-73.0216
-73.0347
-72.7024
-72.7849
-73.03
-73.3193
-73.7936
-73.6332
-73.9489
-73.7339
-73.5779
-73.7374
-73.6547
-73.7345
-73.8998
-73.7437
-73.7908
-73.5927
-73.5546
-73.6992
-73.7955
-73.6545
-73.9042
-73.5219
-73.7051
-73.5074
-73.5098
-73.0233
-73.4751
-73.4968
-73.2367
-73.2259
-73.2045
-73.3995
-73.3021
-73.3461
-73.3341
-73.5251
-73.6589
-73.7422
-73.5047
-73.3569
-73.1255
-73.1282
-73.4466
-73.6894
-73.3534
-73.327
-73.4463
-73.5352
-74.19
-74.1561
-73.7389
-73.9193
-73.8357
-74.2128
-74.136
-73.9432
-73.757
-73.2667
-73.6647
-73.6754
-73.7184
-73.9293
-73.6307
-73.7712
-73.8777
-73.6759
-73.905
-74.0524
-74.0019
-73.5612
-73.98
-73.8299
-73.4674
-73.4641
-73.0947
-73.0208
-72.9168
-73.1032
-72.9575
-72.7145
-73.0684
-73.0404
-73.2229
-73.076
-73.4387
-73.5029
-73.3137
-73.479
-73.5162
-73.4622
-73.1677
-73.1465
-73.3875
-73.4738
-73.5288
-73.6523
-73.2673
-73.3221
-73.1409
-73.6789
-73.5483
-73.6493
-73.0441
-73.6927
-73.8266
-73.469
-73.1103
-73.309
-73.6714
-74.3926
-75.0997
-75.2848
-75.7603
-76.0002
-75.9766
-76.0111
-76.0301
-76.2924
-76.2899
-75.823
-75.9184
-76.0343
-75.7767
-75.8396
-75.6877
-75.5824
-75.657
-75.3554
-75.5982
-75.3079
-75.3728
-75.4287
-75.3318
-74.7282
-74.9357
-74.8696
-74.9787
-75.1775
-75.0531
-74.7317
-74.7276
-74.4897
-74.3595
-73.7867
-73.7638
-73.3675
-73.4872
-73.5325
-73.7772
-73.2413
-72.837
-72.484
-72.0941
-72.0879
-71.5752
-71.3239
-71.3486
-71.1091
-70.7018
-71.2404
-71.3197
-71.5087
-71.6051
-71.6849
-72.0106
-71.8982
-71.9829
-72.0984
-72.3888
-72.1439
-72.0326
-72.0946
-71.8984
-72.1839
-72.5664
-72.1842
-72.7798
-73.1426
-73.2955
-73.7548
-73.4142
-73.9662
-73.9458
-73.8668
-73.2154
-73.3953
-73.3578
-73.2271
-73.1678
-73.3789
-73.1186
-73.3194
-72.8728
-72.953
-73.0882
-73.1712
-72.8414
-73.0914
-73.3545
-73.199
-73.2774
-73.6903
-74.0808
-73.8196
-73.8122
-73.2813
-72.8602
-72.8583
-73.1442
-72.8667
-73.4505
-73.3831
-73.515
-73.3537
-73.4123
-73.5449
-73.2328
-73.6529
-73.9504
-73.8283
-73.6005
-73.5055
-73.1665
-72.9111
-73.148
-72.8827
-73.224
-72.9839
-73.0617
-73.0673
-73.2305
-73.3051
-73.2846
-73.2309
-73.3972
-73.1394
-72.868
-72.8135
-72.617
-73.1824
-73.2198
-73.2657
-73.3255
-73.5264
-73.7355
-73.5438
-73.4092
-73.6176
-73.7632
-73.6286
-73.5475
-73.5624
-73.6796
-73.4324
-73.4591
-73.5404
-73.4823
-73.7835
-74.0768
-73.6081
-73.5754
-73.7434
-73.5295
-73.5802
-74.0924
-73.8241
-74.003
-73.9211
-74.1855
-74.3777
-73.9799
-73.2387
-72.8377
-72.9033
-73.1377
-73.6534
-73.7502
-73.7288
-73.9055
-74.0889
-73.9903
-73.9906
-74.2068
-74.0494
-74.1791
-74.037
-74.2085
-74.0472
-73.7355
-73.4683
-73.5029
-73.4761
-73.2853
-73.3102
-73.7997
-73.892
-73.6323
-74.0198
-74.0163
-73.9078
-74.1757
-74.0828
-73.9101
-74.032
-73.877
-74.1074
-73.7521
-73.3277
-73.4426
-73.0106
-72.8882
-73.0324
-72.7255
-72.6894
-72.7887
-73.8213
-75.0582
-75.6243
-76.0358
-76.242
-76.245
-76.174
-75.988
-75.959
-76.0521
-75.8167
-75.5478
-75.8666
-75.7809
-75.9277
-76.1127
-76.0161
-75.7296
-75.5724
-75.3398
-75.1756
-75.2771
-75.3132
-75.1416
-75.0942
-75.2322
-75.1688
-74.7725
-74.4905
-74.0134
-73.8861
-73.5182
-73.3796
-73.3052
-73.3025
-73.4379
-73.48
-72.8208
-72.4468
-72.6516
-72.4433
-72.0491
-71.8888
-72.052
-71.593
-71.8821
-71.6715
-71.8422
-71.6138
-71.8602
-71.9012
-71.8875
-72.3463
-72.3373
-72.3642
-72.3661
-72.2528
-72.6508
-72.4102
-72.1295
-72.5119
-72.6169
-72.8927
-72.6869
-73.1233
-73.1757
-73.0376
-73.138
-72.9016
-73.1649
-72.7557
-72.7183
-73.1158
-73.2125
-73.8267
-73.3751
-73.417
-73.574
-73.6257
-73.8925
-74.0758
-73.583
-73.389
-73.407
-73.1024
-73.0185
-72.9816
-73.5682
-73.5559
-73.4092
-73.3358
-73.2644
-73.2385
-73.7232
-73.9117
-73.6392
-73.4629
-73.6471
-73.1958
-73.6777
-73.3725
-73.2786
-72.9104
-72.9385
-73.1384
-73.1648
-73.3364
-73.0226
-72.9724
-73.2963
-73.313
-73.2219
-73.4102
-73.8544
-73.6318
-73.7341
-73.96
-73.9838
-74.0876
-74.1617
-73.7943
-73.6288
-73.4965
-73.3406
-73.3954
-73.5266
-73.4175
-73.5253
-73.3878
-73.4496
-73.7202
-73.7789
-74.0154
-74.0736
-74.0179
-73.6983
-74.1606
-74.4134
-74.2567
-74.1222
-74.3616
-74.3395
-73.8221
-73.7396
-73.9757
-73.4035
-73.6114
-73.6338
-73.223
-73.4493
-73.9674
-73.9392
-73.573
-73.4905
-73.3033
-73.4673
-73.4478
-73.3669
-73.2209
-73.4986
-73.4273
-73.6687
-73.6072
-73.5655
-73.2261
-73.0639
-73.1442
-73.0224
-73.5187
-73.6096
-73.407
-73.4369
-73.3632
-73.8899
-73.834
-74.0565
-74.059
-74.1566
-74.0349
-74.0611
-73.834
-73.8751
-74.2701
-74.5692
-74.4735
-74.1357
-73.8302
-73.5382
-73.6903
-73.1588
-73.4992
-73.4919
-73.3754
-73.1687
-73.4516
-73.3737
-73.6408
-73.8985
-73.7547
-74.2189
-74.4489
-74.5089
-74.1436
-74.1097
-74.3739
-74.9861
-75.5424
-75.875
-76.2484
-76.0847
-75.7262
-76.1518
-76.4078
-76.429
-76.2655
-76.2346
-75.9243
-75.6422
-75.7786
-76.1013
-75.6671
-75.7477
-75.4818
-75.5454
-75.4568
-75.0807
-75.1442
-74.689
-75.026
-75.1151
-74.9454
-74.5513
-74.1514
-74.0299
-73.8041
-73.7767
-73.7923
-73.6726
-73.5199
-73.2893
-73.1091
-72.9758
-72.6721
-72.713
-72.1831
-71.9858
-72.249
-72.0225
-71.8023
-71.6779
-71.6915
-71.6895
-71.4992
-71.4866
-71.5636
-71.5284
-71.4079
-71.571
-71.6966
-71.7818
-72.225
-71.8719
-72.4206
-72.5865
-72.3727
-72.6933
-72.8824
-72.6953
-72.7627
-72.9278
-72.965
-73.3841
-73.1664
-73.2259
-73.153
-73.1983
-73.3126
-73.1678
-73.0404
-73.3741
-73.7412
-73.804
-73.895
-73.8867
-73.5521
-73.4823
-73.6827
-73.4356
-73.6515
-73.724
-73.5578
-73.4109
-73.4899
-73.3552
-72.8128
-72.8353
-72.8548
-73.1419
-73.2366
-73.5847
-73.554
-73.3255
-73.3208
-73.7959
-73.4173
-73.6281
-73.5425
-73.5707
-73.8926
-73.6757
-73.3041
-73.2099
-73.1438
-72.7285
-72.7627
-72.9916
-73.1427
-73.0177
-72.9408
-73.5256
-73.7774
-73.8617
-73.5649
-73.5173
-73.4079
-73.4372
-73.4253
-73.5092
-73.9884
-73.7732
-74.0304
-74.0128
-74.064
-73.9185
-73.6385
-73.6725
-73.4685
-73.9366
-73.9654
-74.1955
-74.3176
-74.2563
-73.8948
-73.6641
-73.5356
-73.126
-73.057
-72.939
-73.1801
-73.2822
-73.4658
-73.599
-74.0852
-74.1622
-74.3426
-74.5213
-74.198
-74.2898
-74.6684
-75.0161
-74.7414
-74.6885
-74.4267
-74.131
-74.1958
-74.1649
-74.1775
-74.4004
-74.7397
-74.6515
-74.4176
-73.9943
-74.0902
-74.0648
-74.2108
-74.5771
-74.5286
-74.372
-74.2767
-73.957
-74.0398
-73.8828
-73.7356
-73.5142
-73.838
-74.1191
-74.1091
-73.9714
-73.7551
-74.3613
-74.3884
-74.6022
-74.5021
-74.3223
-74.2861
-74.4089
-73.9958
-73.6888
-73.4591
-74.1475
-74.1423
-74.2173
-73.8942
-73.8004
-74.1139
-74.5667
-74.7858
-74.4312
-74.6109
-74.2345
-74.8366
-75.1449
-75.9084
-76.0522
-76.4187
-76.596
-76.4164
-76.5369
-76.0849
-76.2867
-76.2277
-76.2409
-76.5056
-76.4507
-75.9229
-76.013
-75.8233
-75.1875
-75.6329
-75.3164
-75.3232
-75.1458
-74.9808
-74.9351
-74.8482
-74.481
-74.3704
-74.5373
-74.1129
-74.1241
-74.0915
-73.6336
-73.8307
-73.6861
-73.389
-73.2438
-73.1524
-73.0783
-72.4684
-72.2272
-72.0317
-72.2362
-72.2141
-71.782
-72.0855
-72.3196
-71.9175
-71.5183
-71.6648
-72.1524
-72.4243
-72.5023
-72.5577
-72.4291
-72.8205
-73.077
-73.17
-72.9121
-72.7117
-72.8535
-72.7006
-72.6755
-72.6347
-72.5489
-73.0972
-73.0737
-73.0903
-73.2479
-73.7372
-73.6773
-73.5511
-73.583
-73.5334
-73.9934
-74.3285
-74.4411
-74.1758
-74.3609
-74.6997
-74.5221
-74.1601
-74.2759
-74.3088
-74.0621
-73.933
-73.946
-73.9327
-73.9325
-74.3138
-74.2954
-74.2009
-74.1057
-74.098
-74.1538
-74.054
-74.0679
-74.433
-74.3077
-73.7869
-73.8594
-73.8683
-73.5791
-73.3328
-73.7179
-73.5155
-73.6593
-73.5669
-73.3831
-73.4855
-73.9702
-73.6422
-73.4626
-73.5281
-73.6645
-73.6209
-73.2259
-73.1877
-73.688
-73.3735
-73.2761
-73.2326
-73.324
-73.6048
-73.9093
-73.9978
-73.926
-73.7073
-73.5005
-73.3717
-73.315
-73.5568
-73.7848
-73.6696
-74.0156
-74.2538
-74.2343
-73.8393
-73.4957
-73.8693
-74.1316
-74.0354
-74.0136
-73.7242
-74.0397
-74.1648
-73.9091
-73.8556
-73.612
-73.255
-73.5872
-73.5615
-73.5968
-73.8593
-73.699
-73.5111
-73.4155
-73.6671
-73.6127
-73.5974
-74.0558
-74.0572
-73.8958
-73.8624
-73.9479
-73.8352
-73.507
-73.536
-73.6425
-73.4524
-73.901
-73.9563
-73.9358
-73.8703
-73.7082
-73.8165
-73.3763
-73.5441
-73.6013
-73.6662
-73.4751
-73.7994
-73.8291
-73.6618
-73.5638
-73.6673
-73.584
-73.5477
-73.6912
-73.4932
-73.1897
-73.2722
-73.6342
-73.9436
-73.7147
-73.5327
-73.3624
-73.3666
-73.4507
-73.2963
-73.1768
-72.8293
-73.2823
-73.0018
-73.2842
-73.425
-74.2444
-74.6358
-75.0619
-75.1874
-75.6579
-75.7627
-75.9709
-76.1096
-76.1745
-76.3617
-76.0414
-76.4279
-76.0075
-76.2799
-76.1379
-76.0692
-75.7659
-75.7396
-75.9977
-75.9399
-75.6655
-75.7278
-75.4294
-75.5476
-75.2597
-74.7377
-74.4398
-74.5793
-74.726
-74.5678
-74.2904
-74.1147
-74.083
-73.5634
-73.6839
-73.511
-73.2195
-73.2824
-73.0573
-73.0881
-72.8025
-72.2001
-72.1544
-72.0468
-71.8091
-71.7693
-72.096
-71.9729
-71.7329
-71.33
-71.3681
-71.8219
-71.8842
-71.8558
-71.7035
-72.3683
-72.6505
-72.8052
-72.715
-72.9543
-72.7204
-72.7164
-72.4809
-72.4338
-72.3784
-72.5405
-72.3428
-72.513
-72.8059
-72.8696
-73.0401
-72.9223
-72.857
-73.1952
-73.0907
-72.8882
-72.9733
-72.9649
-73.4388
-73.5041
-73.5993
-73.2366
-72.9412
-72.8887
-72.7368
-73.298
-73.657
-73.6482
-73.3452
-73.4562
-73.4763
-73.6616
-73.8515
-73.8849
-73.6368
-73.3905
-73.6036
-73.551
-73.4245
-73.6613
-73.249
-73.4465
-73.326
-73.483
-73.3358
-73.9229
-74.2442
-74.1474
-73.8831
-73.9488
-73.7545
-73.512
-73.5986
-73.7792
-73.7365
-73.6255
-73.4523
-73.3882
-73.318
-73.6018
-73.8471
-73.9669
-73.4251
-73.2653
-73.5575
-73.3471
-73.492
-73.6919
-73.5133
-73.3549
-73.5563
-73.5689
-73.5732
-73.3166
-73.124
-73.4756
-73.6803
-74.2165
-74.0976
-74.1651
-74.1456
-74.37
-74.4062
-73.9077
-74.0629
-74.2334
-74.3147
-74.7467
-74.3198
-74.4883
-74.2287
-74.025
-74.2035
-73.9651
-73.7269
-73.6642
-73.6206
-73.2326
-73.1835
-73.1802
-73.1203
-73.4949
-73.7876
-73.6839
-73.5247
-73.3376
-73.2219
-73.5942
-73.8298
-73.6873
-73.9596
-73.7609
-73.472
-73.7178
-73.865
-74.0879
-73.9673
-73.673
-73.7872
-73.5924
-73.8797
-74.2008
-74.0721
-74.191
-73.9663
-73.9987
-73.4729
-73.4701
-73.6458
-73.7087
-73.7808
-73.547
-73.1993
-73.389
-73.2939
-73.1638
-73.1226
-73.2443
-73.1951
-73.6093
-73.2165
-73.4473
-73.6511
-73.6643
-74.1398
-74.421
-74.4412
-74.9953
-75.4715
-75.0959
-75.3035
-75.5718
-75.6121
-75.3384
-75.4326
-75.645
-75.6189
-75.9441
-76.2972
-76.213
-76.0485
-76.1788
-75.9355
-75.9236
-75.9329
-75.6317
-75.8023
-75.6737
-75.3772
-75.4168
-75.0219
-75.3461
-74.9652
-74.7712
-74.7085
-74.414
-74.1511
-73.7957
-73.7242
-73.5137
-73.5486
-73.3808
-72.9979
-73.4538
-73.2942
-73.417
-73.3683
-73.2121
-72.8957
-72.2058
-71.9399
-71.9964
-71.9694
-71.4916
-71.6094
-71.3991
-71.3606
-71.2626
-71.73
-71.6993
-71.7068
-72.0253
-71.905
-72.0774
-72.3057
-72.1022
-72.0002
-71.9043
-72.223
-72.3776
-72.6021
-72.9157
-73.0347
-72.8488
-73.0274
-73.2429
-72.7981
-73.0342
-73.3505
-73.5656
-73.4091
-73.3673
-73.4867
-73.8115
-73.7196
-73.5598
-73.4442
-73.3707
-73.3729
-73.3166
-73.3177
-73.4088
-73.5274
-73.377
-73.5956
-73.9654
-73.5677
-73.2502
-73.4133
-73.7548
-74.0346
-73.8847
-73.7701
-73.6094
-73.5528
-73.735
-73.8877
-73.4623
-73.325
-73.4039
-73.7983
-73.3105
-73.2094
-73.0904
-73.3138
-73.7284
-73.7146
-73.8417
-74.0589
-74.0807
-74.0625
-73.8175
-73.5945
-73.6499
-73.6526
-73.7779
-73.7492
-73.8491
-73.8372
-73.6322
-73.3623
-73.1892
-73.1762
-73.4786
-74.0518
-73.973
-74.1999
-73.7823
-73.4427
-73.2158
-73.2502
-73.4887
-73.5324
-73.7177
-73.5535
-73.827
-73.9052
-74.1375
-74.2653
-74.258
-74.0177
-74.049
-73.9691
-73.7115
-73.7784
-73.3172
-73.5117
-73.6205
-73.1974
-73.1866
-73.1029
-73.077
-73.0743
-72.9471
-73.0372
-73.069
-72.5337
-72.2265
-72.4297
-72.3524
-72.7101
-72.9214
-72.8486
-72.6473
-72.5447
-72.4611
-72.7009
-72.9756
-72.6286
-72.7558
-72.8477
-73.0385
-73.1342
-73.4594
-73.3369
-73.4724
-73.9245
-74.1022
-73.9094
-73.8199
-73.9665
-73.7797
-73.7135
-73.9542
-74.2128
-74.0132
-73.6132
-73.4172
-73.3902
-73.2406
-73.3483
-73.5438
-73.3989
-73.5171
-73.4292
-73.2284
-73.4905
-74.1043
-73.9244
-73.8061
-73.5361
-73.1132
-73.3964
-73.8116
-73.9741
-74.3222
-74.8757
-75.1502
-75.4303
-75.8797
-75.8083
-75.6895
-75.5475
-75.2529
-74.9188
-75.1612
-75.5492
-75.7
-75.6404
-75.8224
-75.3888
-75.2631
-75.2463
-75.3774
-75.5397
-75.1984
-75.1792
-75.4698
-75.2708
-75.1242
-75.05
-75.15
-75.0145
-74.9705
-74.8397
-74.2262
-73.63
-73.5736
-73.5939
-73.4975
-73.5622
-73.5507
-73.414
-73.4939
-73.1374
-73.0256
-72.9433
-72.8383
-72.3664
-72.0323
-71.9129
-72.0751
-71.7946
-71.5937
-71.2134
-71.5244
-71.721
-71.5703
-71.5611
-71.6501
-71.5086
-71.7891
-71.803
-72.2219
-72.5472
-72.4954
-72.4104
-72.6371
-72.3633
-72.6159
-72.9255
-73.1311
-73.3254
-73.4213
-73.4384
-73.1635
-73.2426
-73.6516
-73.5377
-73.5707
-73.9088
-74.0738
-73.9855
-73.946
-73.7275
-73.8061
-73.7942
-73.9907
-74.1763
-74.1556
-73.934
-73.8067
-73.9164
-73.9199
-73.8583
-73.603
-73.5997
-73.4459
-72.9573
-72.7954
-72.8658
-72.7474
-73.0223
-72.9973
-72.9754
-73.0432
-73.1325
-73.5398
-73.571
-73.143
-72.9982
-72.961
-72.8508
-72.7391
-73.1294
-73.4429
-73.8625
-73.9289
-74.2341
-74.2716
-74.2181
-73.8703
-73.9179
-73.6824
-73.916
-74.2575
-74.3489
-74.6681
-74.6433
-74.4991
-74.9591
-74.8563
-74.6286
-74.6516
-74.1747
-74.0261
-74.128
-74.0535
-73.8031
-74.1992
-73.806
-73.6535
-73.9046
-73.5676
-73.7261
-73.8511
-73.5031
-73.4904
-73.8641
-73.9196
-73.3234
-73.1041
-73.3014
-73.2833
-73.1164
-72.9538
-73.127
-73.1612
-73.5736
-73.51
-73.8004
-73.7045
-73.585
-73.7524
-73.6521
-73.8056
-74.0822
-74.1202
-73.8951
-74.341
-74.2854
-74.3216
-74.2315
-74.4643
-74.2958
-74.375
-74.5543
-74.2932
-74.2014
-73.8514
-73.4789
-73.5617
-73.4775
-73.3213
-73.6526
-73.5204
-73.5605
-73.3316
-73.1458
-73.2924
-73.387
-73.1269
-73.0187
-73.5035
-73.7389
-73.9271
-74.0939
-73.7009
-73.8013
-73.4057
-73.5709
-73.345
-73.4265
-73.4241
-73.4405
-73.814
-73.916
-74.3417
-74.323
-73.8579
-74.3892
-74.035
-73.9768
-74.1405
-74.433
-74.3873
-74.3655
-74.8108
-75.181
-75.418
-75.3699
-75.727
-76.0507
-76.2988
-76.4982
-76.8403
-76.6236
-76.3945
-76.1433
-76.3675
-75.932
-75.8721
-75.7079
-75.4538
-75.4105
-75.154
-74.9889
-74.9302
-74.8969
-74.5027
-74.9043
-74.5661
-74.3151
-74.4338
-74.0938
-74.1736
-73.8433
-73.6096
-73.4524
-73.5732
-73.1488
-73.2056
-72.9996
-73.0708
-73.0903
-72.6609
-72.7313
-72.2766
-72.6243
-72.4898
-72.4754
-72.5539
-72.2284
-72.2013
-72.2485
-72.2308
-71.8068
-71.8387
-72.2372
-72.7531
-72.457
-72.5332
-72.6123
-72.9708
-72.8253
-73.2423
-73.2959
-73.0315
-73.1567
-73.373
-73.5742
-73.9877
-74.1959
-74.2746
-74.3079
-74.4325
-74.2291
-73.8601
-73.6808
-73.5907
-73.5441
-73.344
-73.3691
-73.6702
-73.7796
-74.038
-74.1572
-74.6004
-74.0831
-74.0131
-73.9313
-74.196
-74.0968
-74.302
-73.9575
-73.8622
-73.9141
-73.7682
-73.622
-73.3868
-73.1866
-73.2796
-73.3249
-73.476
-73.1291
-73.2743
-73.2194
-73.134
-73.2826
-73.4542
-72.9843
-72.8968
-73.4049
-73.1067
-73.0169
-73.243
-72.9316
-72.7264
-73.0437
-72.8721
-72.6512
-72.9309
-73.1996
-73.3346
-73.2023
-73.0582
-73.2341
-73.4816
-73.4227
-72.9192
-73.2952
-73.4603
-73.9553
-74.1037
-74.2937
-74.5459
-74.3887
-73.9238
-73.5836
-73.2829
-73.279
-73.0061
-73.0153
-73.0871
-72.77
-72.8091
-72.9397
-73.1188
-73.1874
-72.7278
-73.0513
-73.2463
-73.4901
-73.225
-73.4555
-73.7942
-73.5703
-73.5899
-73.637
-73.4819
-73.3786
-73.1712
-73.2838
-73.1517
-73.252
-73.0925
-73.2414
-72.9777
-72.6912
-72.6587
-72.8136
-73.0411
-72.9165
-72.8416
-73.063
-73.2495
-73.3982
-73.6678
-73.3971
-73.6781
-73.5275
-73.3656
-73.6795
-73.7365
-73.3544
-73.6351
-73.6801
-73.9965
-74.0211
-73.7587
-73.7486
-73.504
-73.6904
-73.5844
-73.4201
-73.4333
-73.15
-73.1154
-73.3923
-73.1676
-73.2152
-73.3164
-73.6063
-73.9854
-74.4951
-74.5875
-74.4114
-74.1062
-74.4267
-74.379
-74.395
-74.6769
-74.0125
-74.1766
-74.6725
-74.9868
-75.8198
-76.1981
-76.7352
-76.3158
-76.3102
-76.2834
-76.1849
-76.4078
-76.2134
-75.7594
-75.9343
-75.9639
-75.4
-75.0681
-75.5079
-75.3008
-75.1411
-74.7143
-74.7252
-74.3459
-74.3182
-74.4606
-74.5002
-74.0896
-74.3261
-74.075
-73.9708
-73.7926
-74.1221
-73.7013
-73.7996
-73.4172
-72.901
-72.3927
-72.2974
-72.1047
-71.9052
-71.6731
-72.0109
-71.7953
-71.8329
-71.592
-71.6522
-71.6612
-71.8038
-71.7765
-72.0819
-71.8917
-72.1431
-72.1235
-72.4117
-72.685
-72.5825
-72.9779
-72.8923
-72.8092
-73.3281
-73.1916
-73.0511
-72.8966
-73.1386
-73.2425
-73.4304
-73.5008
-73.5599
-73.42
-73.1126
-72.9924
-73.2062
-73.4057
-73.3953
-73.5466
-73.9285
-73.7219
-73.9093
-74.2538
-74.2652
-74.497
-73.7368
-73.7315
-74.1849
-74.1339
-73.4478
-73.7599
-73.7839
-73.7368
-74.111
-74.1248
-74.0057
-74.0648
-73.9045
-73.4749
-73.372
-73.0196
-73.5259
-73.5685
-73.4555
-73.8313
-73.8308
-73.5283
-73.9482
-73.6551
-73.7631
-73.7232
-73.309
-73.4153
-73.7623
-73.4202
-73.3868
-73.8536
-73.9965
-73.913
-73.6993
-73.8556
-73.7592
-73.9342
-73.7924
-73.9174
-74.0854
-74.0796
-73.918
-74.0788
-74.3023
-74.3908
-74.0294
-74.3025
-74.4727
-74.0914
-74.1653
-74.4358
-74.2918
-74.1617
-73.9128
-73.6909
-73.9328
-73.8683
-73.5811
-73.9257
-74.0705
-73.9963
-74.0393
-73.9653
-73.9763
-74.2159
-73.9759
-73.8919
-73.5209
-73.8097
-73.5187
-73.6192
-73.7207
-73.7713
-73.8012
-73.9238
-73.3371
-73.5097
-73.6712
-73.6256
-73.2929
-72.948
-72.811
-72.7096
-72.5673
-72.4308
-72.5777
-73.0286
-73.1699
-73.2088
-73.4772
-73.6753
-73.4394
-73.7528
-73.6832
-74.0817
-73.7643
-73.5257
-73.445
-73.2805
-73.2645
-73.5321
-73.6763
-73.4035
-73.2791
-73.7841
-73.5663
-73.7649
-73.5059
-73.4717
-73.7074
-74.0358
-74.2617
-74.5001
-74.2149
-73.9718
-73.9729
-73.8855
-74.2233
-74.4124
-74.4857
-74.4979
-74.4225
-74.612
-74.8717
-75.3546
-75.5991
-76.2005
-76.2689
-76.1357
-76.2961
-76.2153
-76.33
-76.3257
-75.9273
-75.6982
-75.5195
-75.5893
-75.1639
-75.1772
-75.1379
-74.8067
-74.8868
-74.7456
-74.5053
-74.387
-74.4132
-74.2328
-74.0476
-73.7403
-73.6134
-73.3515
-73.363
-73.2122
-73.2317
-73.0465
-72.7233
-72.7396
-72.5343
-72.6927
-72.6247
-72.2787
-72.4072
-72.4707
-72.1267
-71.6893
-71.7597
-71.3427
-71.5077
-71.8214
-72.0327
-72.27
-72.2367
-71.9993
-72.3269
-72.5673
-72.6326
-72.7895
-72.8446
-72.5215
-72.686
-72.7078
-72.6923
-72.472
-72.8651
-73.1178
-73.2076
-73.1916
-73.4902
-73.7438
-73.8456
-73.4962
-73.3173
-73.2841
-73.3543
-73.2389
-73.1811
-73.2773
-72.956
-73.4798
-73.6053
-73.8692
-73.941
-73.6503
-73.5544
-73.4605
-73.7152
-74.0939
-73.6955
-73.9167
-73.8878
-73.7154
-73.3486
-73.4797
-73.3745
-73.5282
-73.424
-73.1837
-73.5665
-73.6588
-73.8859
-73.9719
-74.1656
-73.7766
-74.1299
-74.2386
-74.4821
-73.5919
-73.7373
-73.5631
-73.6502
-73.6342
-73.4517
-73.5131
-73.8149
-73.8411
-74.0857
-74.2765
-73.996
-74.2591
-73.9001
-73.9105
-73.8692
-73.7979
-73.8711
-73.58
-73.5907
-73.4425
-73.6381
-73.4717
-73.2126
-73.6398
-73.4512
-73.5209
-73.7226
-73.4845
-73.5575
-73.3283
-73.4451
-73.1245
-73.3699
-73.7865
-73.9877
-73.4311
-73.0208
-73.1098
-73.6799
-73.6817
-73.8547
-73.3726
-73.4945
-73.3756
-73.5472
-73.6721
-73.5365
-73.5869
-73.5401
-73.6697
-74.1758
-73.6486
-73.4381
-73.3836
-73.437
-73.5231
-73.4473
-73.5277
-73.9668
-73.9166
-73.8698
-73.9343
-74.0561
-73.7434
-73.4222
-73.4765
-73.9376
-73.8152
-73.8246
-73.771
-73.5136
-73.5981
-73.6206
-73.4726
-73.3558
-73.1541
-73.3046
-73.2736
-73.122
-73.5023
-73.7601
-73.6634
-73.6564
-73.2874
-73.3871
-73.649
-73.4838
-73.5704
-74.2234
-74.5972
-74.4352
-74.8628
-74.7068
-74.4432
-74.4743
-74.4377
-74.659
-74.9967
-74.4887
-73.8211
-73.8352
-74.3907
-75.2183
-75.6686
-76.1242
-76.4705
-76.3515
-76.4683
-76.3104
-76.1653
-76.1361
-76.0397
-76.2333
-75.7603
-75.5858
-75.9779
-75.5003
-75.4751
-75.5893
-75.4091
-75.0057
-74.5751
-74.3372
-74.468
-74.152
-73.9273
-73.7334
-73.8207
-74.0818
-74.346
-74.1489
-73.881
-73.4254
-72.9536
-72.6712
-72.8766
-72.6311
-72.3971
-71.973
-71.8352
-72.1616
-72.1993
-71.9914
-71.7465
-71.6737
-71.7922
-72.0436
-72.2332
-72.0479
-71.7424
-71.6341
-71.4174
-71.6553
-71.6678
-71.9116
-72.1763
-72.3838
-72.3455
-72.5549
-72.7628
-73.0823
-73.0546
-72.7774
-73.1833
-73.2192
-73.3988
-73.5132
-73.4074
-73.4542
-73.6167
-73.9307
-74.1476
-73.8419
-73.7439
-73.9329
-73.5024
-73.9374
-73.9047
-73.8648
-74.1296
-74.1605
-74.1307
-74.1587
-74.2312
-74.1832
-74.0099
-74.1266
-74.1629
-74.0522
-73.7698
-73.5376
-73.1039
-73.171
-73.1956
-73.4267
-73.5019
-73.2769
-73.2815
-73.5044
-73.8217
-73.7369
-73.3011
-73.3277
-73.8273
-73.7367
-73.3449
-73.9997
-74.2292
-74.2313
-74.2123
-73.9743
-74.0488
-73.9627
-73.6556
-73.6713
-73.4684
-73.7073
-73.4974
-73.6032
-73.6478
-73.7977
-73.8761
-73.8515
-73.6491
-73.9342
-73.8622
-73.5041
-73.3741
-73.2963
-73.3375
-73.2512
-73.1752
-73.1557
-73.0866
-72.9739
-73.0339
-72.72
-72.9981
-73.1293
-73.3267
-73.3221
-73.4531
-73.5398
-73.5023
-73.5233
-73.4222
-73.5283
-73.6065
-73.6456
-73.9928
-73.6249
-73.368
-73.2157
-73.4192
-73.7855
-73.5565
-73.6551
-73.9471
-73.8537
-73.4537
-73.3258
-72.8771
-73.2114
-73.015
-73.3845
-73.1029
-73.0125
-73.2166
-73.3638
-73.6901
-73.6467
-73.297
-73.4275
-73.556
-73.4619
-73.7077
-73.8968
-73.7726
-73.9428
-74.0298
-73.9487
-73.9196
-73.9179
-74.0034
-73.6813
-73.8601
-73.602
-73.8427
-73.7973
-73.9359
-73.7693
-73.7519
-73.466
-73.3487
-73.6762
-74.0669
-74.3917
-74.6178
-74.7216
-74.9927
-74.9995
-75.026
-74.4497
-74.6181
-74.9575
-74.7469
-74.8791
-75.0417
-75.8179
-76.0758
-76.4026
-76.291
-76.5298
-76.4759
-76.3687
-76.263
-76.1252
-76.094
-76.0375
-76.1307
-76.1202
-76.2261
-75.3489
-74.8843
-74.6536
-74.2592
-73.8526
-73.6569
-73.8738
-73.6785
-73.6046
-73.4945
-73.8922
-73.8556
-73.9964
-73.5091
-73.0674
-73.0315
-73.0169
-72.9836
-72.8148
-72.6556
-72.4061
-72.488
-72.095
-71.985
-72.3484
-72.5099
-72.3017
-71.8658
-72.1696
-72.472
-72.7989
-72.3443
-72.2379
-72.5665
-72.9203
-72.646
-72.4054
-72.569
-72.7399
-72.7386
-72.7873
-72.929
-73.003
-72.817
-72.7535
-72.606
-72.7764
-72.9468
-72.9796
-73.2533
-73.2491
-73.7008
-73.4695
-73.6485
-73.5855
-73.748
-73.7661
-73.6327
-73.3787
-73.7427
-73.7453
-73.7651
-73.8957
-73.5849
-73.4933
-73.3315
-72.9069
-72.9596
-73.1453
-73.4418
-73.3255
-73.1555
-73.596
-73.4787
-73.6328
-73.5938
-73.7472
-73.7719
-73.8846
-73.8681
-73.9507
-74.1013
-74.0409
-73.82
-73.9093
-74.0347
-73.8347
-74.0306
-73.8769
-73.8137
-73.3267
-73.6233
-73.5926
-73.7517
-74.0507
-73.7719
-73.5448
-73.5212
-73.4804
-73.0733
-73.2053
-73.5832
-73.777
-73.6047
-73.1248
-73.2637
-73.5616
-73.6546
-74.0517
-73.9995
-74.0806
-74.1423
-74.4062
-74.5814
-74.5808
-74.3805
-73.8242
-73.9883
-73.5973
-73.4615
-73.3904
-73.6015
-73.2541
-73.2449
-73.3599
-73.492
-73.5144
-73.2161
-73.2916
-72.8983
-73.1802
-73.3043
-73.5772
-73.4835
-73.6966
-73.6472
-73.857
-73.7063
-73.6621
-73.6932
-74.0326
-73.8052
-73.8242
-73.8797
-73.8681
-73.9025
-74.289
-74.1704
-73.7037
-73.3645
-73.2553
-73.5304
-73.3988
-73.5601
-73.5163
-73.3617
-73.4225
-73.2144
-73.2667
-73.4731
-73.6671
-73.5964
-73.3777
-73.0571
-72.9686
-73.2039
-73.2864
-73.1225
-73.141
-73.3198
-73.395
-73.4835
-73.2093
-72.9798
-73.0803
-73.0974
-72.8732
-73.1584
-73.6472
-74.1859
-74.721
-74.5321
-74.7466
-74.9998
-74.6918
-74.1565
-74.3957
-74.4692
-74.6076
-74.5621
-75.3629
-76.1488
-76.2456
-76.339
-76.3493
-76.1082
-75.7736
-75.8628
-75.9754
-76.0852
-75.983
-76.0752
-75.8393
-75.4199
-75.4254
-75.285
-74.9776
-75.2157
-74.907
-74.6279
-74.5004
-74.2635
-73.8959
-74.2158
-74.1114
-74.0487
-73.8846
-73.9229
-73.7175
-73.6096
-73.2368
-73.1587
-72.6409
-72.6488
-72.5366
-72.1686
-72.1085
-71.857
-72.3436
-72.2153
-71.9236
-71.5503
-71.6893
-71.6077
-71.6848
-71.683
-71.4866
-71.906
-71.7779
-71.9607
-71.8609
-72.2927
-72.7426
-72.3817
-72.6325
-72.6717
-72.3569
-72.5633
-73.1094
-72.6501
-72.7052
-73.0329
-72.9019
-73.3061
-73.2969
-73.2
-72.9812
-72.892
-72.8698
-73.025
-73.6575
-73.7036
-73.5503
-73.3438
-73.2276
-73.3031
-73.3369
-73.5611
-73.9502
-74.1016
-74.0451
-73.757
-73.6655
-73.32
-73.5844
-73.4487
-73.5971
-73.6672
-73.8399
-73.6706
-73.809
-73.8868
-73.6448
-73.5833
-73.573
-73.8195
-73.8125
-74.007
-74.0131
-73.9127
-73.6207
-73.3662
-73.5637
-73.4076
-73.37
-73.305
-73.4425
-73.7252
-73.9663
-74.2343
-74.3266
-74.406
-74.2808
-74.2412
-74.304
-73.9053
-73.861
-73.9301
-73.815
-73.9319
-73.6826
-73.6862
-73.7558
-73.8449
-73.9507
-73.8415
-73.5399
-73.4742
-73.3911
-73.6572
-73.4758
-73.303
-73.4802
-73.3508
-73.8467
-74.1088
-74.0687
-73.8587
-73.3649
-73.1525
-73.1748
-73.4248
-73.4399
-73.6756
-73.664
-73.7556
-74.1135
-73.9451
-73.7257
-74.0888
-74.0476
-73.9145
-74.0151
-73.8115
-73.7786
-73.7351
-74.0233
-74.0712
-73.957
-74.1681
-73.9463
-73.6514
-73.7668
-74.2278
-74.3384
-74.1209
-73.8617
-73.4454
-72.9795
-72.9791
-72.9584
-73.0596
-73.6222
-73.8865
-73.6506
-73.5028
-73.4315
-73.6703
-73.8328
-74.0016
-74.05
-73.8889
-73.6259
-73.6573
-73.6827
-73.9459
-74.0566
-73.944
-74.0787
-73.9799
-73.906
-73.5552
-73.4775
-73.7299
-73.6263
-73.9575
-74.0474
-73.8016
-74.3395
-74.4311
-74.247
-74.4108
-74.452
-74.521
-74.6681
-74.3861
-74.5729
-75.5871
-76.0966
-76.6005
-76.4817
-76.834
-76.8436
-76.7108
-76.7346
-76.7147
-76.6159
-76.2895
-76.5942
-76.1457
-75.985
-75.8979
-75.0568
-75.0374
-74.8415
-74.753
-75.1328
-75.3955
-75.086
-74.8582
-74.5469
-74.3214
-74.5685
-74.0347
-73.6313
-73.6418
-73.4231
-73.2367
-72.909
-72.5111
-72.7734
-72.5592
-72.4146
-72.1686
-71.9148
-71.7929
-71.779
-71.9142
-72.0069
-72.1165
-72.4208
-72.5093
-72.3696
-72.5064
-72.2551
-72.1277
-72.1878
-72.6713
-72.5672
-72.491
-73.1765
-72.744
-72.6122
-73.017
-73.2238
-73.3616
-73.3808
-73.1312
-73.1724
-73.3324
-73.0682
-72.8592
-73.0635
-73.0698
-72.8849
-72.6892
-72.8336
-73.2246
-73.4771
-73.3532
-73.391
-73.4788
-73.2687
-73.3655
-73.9609
-74.175
-74.3295
-74.1866
-74.1812
-74.1987
-73.7061
-73.7084
-73.4681
-73.6155
-73.396
-73.6609
-73.5559
-73.3683
-73.4956
-73.2918
-73.4192
-73.5701
-73.6277
-73.599
-73.6539
-73.4663
-73.728
-73.8307
-73.7023
-73.6193
-73.5492
-73.0743
-73.1123
-73.1781
-73.1874
-73.0732
-73.1691
-73.3571
-73.6586
-73.7456
-73.5977
-73.2536
-73.1098
-73.0181
-73.1854
-73.0134
-73.321
-73.1394
-73.1716
-73.2766
-73.402
-73.6011
-73.5574
-73.456
-73.8094
-73.6789
-73.5941
-73.6201
-73.2984
-72.9243
-72.9943
-73.539
-74.07
-74.0305
-73.8136
-73.6056
-73.5069
-73.4295
-73.1999
-73.1923
-73.4924
-73.7383
-74.0017
-73.5161
-73.6704
-73.4461
-73.1937
-73.2009
-73.3477
-73.5762
-73.214
-73.2328
-73.3452
-73.7169
-74.3128
-74.3473
-74.3541
-74.0772
-74.0332
-74.1808
-74.0571
-74.2538
-73.7793
-74.0865
-74.1343
-74.1489
-74.0776
-73.8939
-74.0859
-74.2499
-74.2349
-74.1039
-73.8297
-73.6816
-73.4431
-73.4078
-73.5987
-73.8104
-74.0682
-73.6942
-73.945
-74.0841
-73.7179
-73.7371
-73.8521
-73.8316
-74.1012
-73.897
-74.0741
-73.855
-74.5399
-74.5485
-74.5444
-74.2927
-74.3937
-74.061
-74.0843
-73.6974
-73.7887
-73.885
-74.0945
-74.3345
-75.0072
-75.5173
-76.0842
-76.19
-76.4662
-76.2873
-76.3766
-76.2418
-75.7635
-75.6146
-75.7355
-75.4869
-75.5962
-75.4435
-75.723
-75.7374
-75.6046
-75.1155
-74.7452
-74.5532
-74.8263
-74.8084
-74.8617
-74.5062
-74.9366
-74.9506
-74.1727
-74.1982
-74.0332
-74.041
-73.89
-73.5396
-73.4681
-72.857
-72.7735
-72.48
-72.1097
-72.0371
-72.0669
-72.0453
-72.1519
-71.6443
-71.2873
-71.5937
-71.5405
-71.595
-71.498
-71.5805
-71.8874
-72.143
-72.7473
-72.8615
-72.3786
-72.4445
-72.7551
-72.9238
-73.639
-73.7345
-73.3424
-73.2958
-73.5534
-73.8462
-73.5912
-73.669
-73.6079
-73.7185
-73.5859
-73.791
-73.6134
-73.3949
-73.85
-73.6861
-73.2508
-73.0296
-72.879
-72.8556
-73.3328
-73.2961
-73.451
-73.0208
-73.0865
-73.3276
-73.2611
-73.0318
-73.1504
-73.1637
-73.5506
-73.3625
-73.5258
-73.7426
-73.903
-73.7865
-73.7433
-73.9482
-73.6715
-73.5475
-73.8262
-73.7083
-73.9132
-73.5226
-73.4659
-73.6832
-73.6769
-73.7892
-73.4325
-73.6785
-73.4376
-73.6128
-73.5722
-73.7884
-73.5647
-73.8289
-73.5649
-73.7426
-74.0257
-73.8986
-73.8295
-73.7154
-73.7787
-73.458
-73.6873
-73.5302
-73.5666
-73.594
-73.7319
-73.4921
-73.2889
-73.0885
-73.767
-74.0756
-73.9995
-73.5743
-73.5606
-73.6268
-73.6315
-73.4188
-73.279
-73.1857
-72.867
-72.9569
-73.4565
-73.2072
-72.9246
-72.789
-73.3208
-73.2739
-73.4304
-73.3216
-73.4977
-73.82
-73.6692
-74.2967
-74.5118
-74.4489
-74.0974
-74.1489
-73.9675
-73.9074
-73.9847
-74.0931
-74.0114
-73.9811
-74.0654
-74.0903
-74.1893
-73.9941
-74.31
-74.497
-74.2407
-74.6798
-74.4421
-74.0285
-73.9418
-74.034
-74.2551
-73.9885
-74.5056
-73.703
-73.7151
-73.8149
-73.8802
-73.5936
-74.0225
-74.2001
-74.4212
-74.4674
-74.5549
-74.1859
-73.8156
-73.5878
-73.6094
-73.8958
-74.0158
-73.7655
-74.0033
-74.2523
-74.4488
-74.4953
-74.7063
-74.6065
-73.8607
-73.8377
-73.8648
-73.7438
-73.8899
-73.8913
-74.1403
-74.8826
-75.4461
-75.8677
-76.1813
-76.0675
-76.1767
-76.394
-76.2898
-76.2087
-75.8335
-75.9711
-75.8746
-75.7461
-75.201
-75.3371
-75.1424
-75.4431
-75.3257
-75.146
-74.8107
-74.6413
-74.6573
-74.512
-74.7874
-74.5923
-74.5191
-74.0715
-73.9615
-74.2595
-73.7868
-73.9409
-73.8922
-73.5606
-73.3991
-73.2764
-72.4542
-72.2337
-72.1245
-71.8259
-71.798
-71.6214
-71.3294
-71.1335
-71.1995
-71.2175
-71.4748
-71.1627
-71.2835
-71.5702
-71.8119
-71.8449
-72.2797
-72.4215
-72.6474
-72.5914
-72.3546
-72.6834
-72.773
-73.2041
-73.5539
-74.1732
-74.3102
-74.3782
-74.3514
-73.8145
-73.8137
-74.1544
-73.9571
-73.6636
-73.5524
-73.2433
-73.1418
-73.1236
-73.244
-72.9588
-73.1132
-73.4818
-73.1965
-73.1974
-73.6514
-73.5522
-73.7099
-73.4784
-73.5427
-73.7382
-73.3005
-73.0992
-73.1198
-73.4338
-73.1822
-73.0402
-72.9898
-72.8441
-73.0908
-73.3033
-73.009
-73.2168
-73.1364
-72.8397
-73.0967
-73.0869
-73.3087
-73.4909
-73.6056
-73.6279
-73.4016
-73.1874
-73.6358
-73.4016
-73.3651
-72.9644
-73.5442
-73.5868
-73.2293
-73.3212
-73.0751
-72.934
-73.0849
-73.4533
-73
-73.2156
-72.8175
-72.8278
-73.1367
-73.3734
-73.4063
-73.7594
-73.7487
-73.5987
-73.5099
-73.6306
-73.1539
-73.2554
-73.4051
-73.177
-73.2023
-73.6476
-73.6257
-73.6024
-73.6242
-73.8126
-73.6896
-73.5038
-73.1458
-73.2578
-73.2394
-73.1014
-73.3122
-73.5649
-73.1671
-73.1027
-73.6379
-73.5376
-73.5167
-73.4925
-73.7616
-73.7498
-73.6455
-74.2224
-73.9924
-73.7243
-73.588
-73.3763
-72.9272
-72.9665
-72.9283
-73.3015
-72.9632
-73.0887
-73.073
-73.301
-73.2755
-73.2739
-72.8163
-72.8191
-72.7043
-73.0346
-72.7253
-72.8636
-73.2036
-73.7118
-73.9068
-74.1249
-74.2217
-73.9573
-73.5978
-73.4641
-73.228
-73.522
-73.3472
-73.7138
-73.8723
-74.1084
-74.6061
-74.9077
-74.8183
-74.8944
-74.4365
-74.5266
-74.87
-74.9351
-75.066
-75.1035
-74.5825
-74.744
-75.2872
-75.9878
-76.0997
-76.5138
-76.2685
-76.691
-76.6083
-76.6508
-76.5787
-76.425
-75.9926
-75.784
-75.9682
-75.7144
-75.4405
-75.4824
-75.6248
-75.2863
-75.4789
-75.557
-75.2698
-75.2248
-74.9859
-74.8205
-74.8476
-74.8985
-74.4082
-73.8143
-73.7333
-73.2324
-73.3257
-72.8548
-72.4917
-72.8002
-73.043
-72.8951
-73.0768
-72.8822
-72.5997
-72.4566
-72.4088
-72.5203
-72.163
-72.1158
-71.9603
-71.9965
-72.2341
-71.9617
-72.3739
-72.3609
-72.6846
-72.7441
-72.8424
-72.9165
-73.0265
-73.049
-73.2008
-73.2507
-72.9311
-73.6297
-73.2607
-73.2636
-73.4038
-73.5239
-73.645
-73.6621
-73.9883
-73.6509
-73.8178
-73.9156
-73.6981
-73.9098
-73.807
-73.5385
-73.7174
-73.9981
-73.6027
-73.9599
-73.9715
-74.0223
-73.5459
-73.4227
-73.1876
-73.003
-73.2307
-73.3816
-73.3045
-73.6296
-74.0722
-73.7375
-73.1814
-72.8959
-73.0991
-73.2883
-73.4382
-73.5756
-73.3624
-73.1539
-73.4639
-73.7386
-73.4991
-73.2164
-72.914
-72.619
-73.3117
-73.6127
-73.6751
-73.7273
-73.8607
-73.5309
-73.6753
-73.4541
-73.3232
-73.3953
-73.5286
-73.4967
-73.4083
-73.0017
-73.2843
-73.0147
-73.0993
-73.2165
-73.5495
-73.658
-73.8911
-73.9055
-73.887
-73.7451
-73.6499
-73.5698
-74.0096
-73.7414
-73.7591
-73.1254
-73.7249
-74.3018
-74.0978
-73.9346
-74.0278
-73.7729
-73.4631
-73.4966
-73.7218
-73.4283
-73.4389
-73.9133
-73.9723
-73.7751
-73.482
-73.3857
-73.239
-73.1121
-72.9442
-73.4133
-73.3941
-73.305
-73.2545
-72.8608
-73.2384
-73.3829
-73.6014
-73.5702
-73.3978
-72.9784
-72.9695
-73.502
-73.7077
-73.9296
-74.1074
-73.9258
-74.0799
-74.0469
-74.147
-74.0208
-73.8463
-73.7475
-73.8047
-73.8757
-73.9898
-73.5524
-73.3543
-73.2407
-73.2315
-73.4197
-73.7748
-73.8597
-74.0858
-73.7893
-74.0947
-74.4081
-74.0114
-73.938
-74.0973
-74.2311
-74.2028
-74.2205
-74.3229
-74.3098
-74.2492
-74.2764
-74.4989
-74.2434
-74.2243
-74.5976
-74.6291
-74.7535
-75.3062
-76.0891
-76.8546
-76.5065
-76.8279
-76.7578
-76.5536
-76.3476
-76.6062
-76.4159
-76.6225
-76.0893
-75.9736
-75.8558
-75.697
-75.6757
-75.3828
-74.8318
-74.7409
-74.5552
-74.586
-74.5215
-74.1314
-74.2829
-74.1559
-74.0319
-73.8518
-73.6244
-73.65
-73.4282
-73.177
-73.3595
-73.0601
-72.9986
-72.8729
-72.9009
-72.2235
-72.1536
-71.8236
-71.916
-72.0457
-72.2307
-72.1627
-72.024
-72.3849
-72.6109
-72.5871
-72.3549
-72.7234
-72.6246
-72.6691
-72.8345
-72.9581
-72.7573
-72.5628
-72.4692
-72.5703
-72.7357
-73.1596
-73.699
-73.7163
-73.7552
-73.8852
-73.7431
-73.7455
-74.052
-74.0159
-74.0623
-74.0284
-73.8235
-74.0181
-73.4119
-73.3745
-73.3497
-73.314
-73.0648
-73.0853
-72.9615
-73.3729
-73.5313
-73.5807
-73.6052
-73.2279
-73.4837
-73.5751
-73.3291
-72.7623
-73.0988
-73.4746
-73.2532
-73.4869
-73.5086
-73.1208
-73.7788
-73.5819
-73.6972
-73.6695
-73.512
-73.7297
-74.0342
-73.9139
-73.6482
-73.6625
-73.617
-73.541
-73.6998
-73.954
-74.1121
-74.3229
-74.1886
-73.8201
-73.878
-73.9136
-73.2586
-73.3127
-73.205
-73.7352
-73.8218
-73.7807
-73.2016
-73.0129
-73.1396
-73.4093
-73.5003
-73.5282
-73.5879
-73.8477
-73.4992
-72.813
-73.0907
-73.3957
-73.5608
-73.1304
-73.4961
-73.4851
-73.3406
-73.415
-73.2464
-73.2269
-73.0869
-73.1614
-72.9533
-73.0707
-73.0553
-73.568
-73.4738
-73.444
-73.5154
-73.7251
-73.7116
-73.6506
-73.7521
-73.2507
-73.4616
-73.5146
-73.4059
-73.2103
-73.1409
-72.9872
-73.1307
-72.9748
-72.977
-73.1287
-72.8611
-73.0639
-73.2172
-73.3907
-73.2914
-73.6439
-73.6189
-73.4005
-72.9045
-73.1238
-72.9153
-73.4958
-73.3656
-73.6461
-74.0754
-73.6403
-73.835
-73.7581
-73.8268
-73.7296
-73.7426
-74.0634
-74.3342
-74.5296
-74.7793
-74.8454
-74.9605
-74.9962
-74.9281
-74.9462
-75.0186
-75.0149
-74.916
-74.9141
-75.138
-74.6027
-74.7502
-74.5352
-74.8492
-74.8521
-74.8481
-74.7485
-75.4644
-76.1406
-76.4758
-76.6258
-76.6962
-76.653
-76.4271
-75.9448
-76.0232
-76.2701
-76.2255
-76.1705
-76.0618
-75.8037
-75.759
-75.7386
-75.7347
-75.143
-74.9505
-74.3078
-74.2593
-73.8512
-73.7111
-73.7224
-73.6769
-73.5915
-73.1968
-73.2051
-73.3082
-72.902
-72.7589
-72.1854
-72.0066
-72.1161
-72.1688
-72.0937
-72.3212
-72.2794
-72.3563
-71.8438
-71.904
-71.6717
-71.8903
-72.0368
-71.8712
-72.0129
-72.0356
-71.7863
-71.8904
-71.962
-71.9746
-72.1092
-72.0251
-72.08
-72.5404
-72.7186
-72.9547
-73.3159
-73.4112
-73.7762
-73.6254
-73.683
-74.1011
-74.0039
-73.9655
-73.8272
-73.4082
-73.7457
-73.5653
-73.4607
-73.5379
-73.5947
-73.6259
-73.5328
-73.315
-73.1192
-73.436
-73.4059
-73.4626
-73.7755
-73.4217
-73.5448
-73.4445
-73.0999
-73.2465
-73.4607
-73.5714
-73.9347
-73.6449
-73.6834
-74.0747
-73.9195
-74.1862
-74.1313
-73.7529
-73.7954
-73.3887
-72.9688
-73.2008
-73.4312
-74.2091
-74.1817
-74.2806
-74.0729
-74.1092
-74.1841
-74.1163
-74.0331
-73.9884
-73.9859
-73.6306
-73.3188
-72.9946
-72.9792
-72.8595
-73.2103
-73.575
-73.6171
-73.731
-73.7818
-73.9561
-74.3272
-74.4512
-73.6712
-73.5304
-73.9675
-73.5697
-73.3286
-73.554
-73.5228
-73.6517
-74.1755
-74.0669
-74.2096
-74.1343
-73.9853
-73.8212
-73.8028
-74.1309
-73.911
-73.5846
-73.1237
-73.117
-73.3392
-73.3459
-73.517
-73.4165
-73.8139
-74.0324
-74.0439
-73.9667
-73.9359
-73.7153
-73.8827
-74.1035
-74.2343
-74.1183
-73.7521
-73.4458
-73.1205
-73.3403
-73.4548
-73.4954
-73.0131
-73.3694
-73.0095
-72.6532
-73.1328
-73.2457
-73.2595
-73.8838
-73.3533
-73.3229
-73.6665
-73.821
-73.8786
-74.0212
-73.8914
-73.5909
-73.4793
-73.559
-73.7545
-73.5587
-73.5511
-73.6747
-73.4294
-73.6443
-73.6505
-73.5611
-73.7616
-73.416
-73.8589
-74.1348
-74.2019
-74.0398
-74.2632
-74.4555
-74.5442
-74.6882
-74.5836
-74.3369
-74.3169
-74.4841
-74.0727
-73.9055
-73.9494
-74.5359
-75.2867
-76.234
-76.4467
-76.5624
-76.6787
-76.6335
-76.6164
-76.6467
-76.5373
-76.2963
-76.2024
-75.8176
-75.7062
-75.709
-75.6006
-75.3887
-75.2591
-75.2571
-75.2667
-75.1496
-74.5291
-74.3897
-73.7421
-73.7948
-73.6406
-73.2442
-73.1626
-73.1469
-73.046
-72.4779
-72.3561
-72.4021
-72.8033
-72.5116
-72.7518
-72.8349
-73.1826
-72.8644
-72.6452
-72.7234
-72.7435
-72.3311
-71.8683
-72.1921
-72.0336
-72.1144
-72.5719
-72.9348
-72.5995
-72.3295
-72.253
-72.3847
-72.732
-72.8287
-72.9448
-72.8822
-72.9218
-72.5773
-72.8613
-73.1972
-73.3006
-73.3088
-73.5367
-73.6506
-73.7767
-73.478
-73.3437
-73.1979
-73.0471
-73.0357
-73.1185
-73.3535
-72.996
-72.8718
-72.9263
-73.1251
-73.6139
-73.7998
-74.056
-73.9686
-73.9229
-73.678
-73.6033
-73.7143
-73.7094
-73.8582
-73.6941
-73.4992
-72.9673
-72.7906
-72.8692
-72.8631
-73.0659
-73.0394
-72.9186
-73.0733
-73.635
-73.9452
-73.8896
-73.5514
-73.295
-73.5184
-74.034
-73.962
-74.147
-74.1317
-74.2617
-73.9654
-73.9727
-74.3042
-74.2078
-74.3422
-73.9169
-73.962
-73.9141
-74.0447
-74.2444
-74.0771
-74.117
-74.2189
-74.2625
-73.8365
-74.374
-74.1038
-73.7695
-73.6922
-73.8292
-74.0417
-73.9526
-73.6263
-73.7977
-73.8151
-73.7378
-74.102
-73.9297
-73.3044
-73.1008
-73.2548
-73.7247
-73.7262
-73.7402
-73.9416
-73.8258
-73.8967
-73.8424
-73.861
-73.7339
-73.6648
-73.5216
-73.591
-74.1106
-73.7117
-73.7651
-73.4989
-73.7238
-73.5738
-73.2041
-73.2565
-73.6571
-73.4507
-73.5908
-73.7373
-73.7135
-73.5336
-73.8135
-73.4367
-73.5668
-73.7443
-73.9472
-74.3884
-74.3337
-74.3112
-74.2193
-74.0704
-73.6022
-73.8653
-73.8563
-74.1447
-74.055
-74.2377
-74.2488
-74.3996
-74.1077
-74.1294
-73.6976
-73.6643
-73.7377
-73.842
-74.0768
-74.0443
-74.2643
-73.927
-73.751
-74.2084
-74.4249
-74.8313
-74.8764
-74.5759
-74.6701
-75.0654
-74.8611
-74.9127
-74.8039
-74.737
-74.4223
-74.3432
-74.8005
-75.5513
-76.3002
-76.7118
-76.6258
-76.7254
-76.6285
-76.8945
-76.5034
-76.479
-76.1049
-76.2436
-76.2244
-75.7572
-75.5024
-75.6006
-75.4196
-75.2865
-75.1382
-75.4886
-75.2611
-74.7976
-74.4348
-74.2917
-73.6176
-73.538
-73.4527
-73.3995
-72.9771
-72.6521
-72.6158
-72.3749
-72.2559
-72.3407
-72.4388
-72.1786
-72.0515
-71.8687
-71.4728
-71.717
-71.7655
-71.9327
-71.9174
-72.2432
-72.2038
-72.4585
-71.8385
-71.7021
-71.6387
-71.5647
-71.6546
-71.9227
-71.9852
-72.2377
-72.5947
-72.2786
-72.5094
-72.7402
-72.8832
-72.73
-72.9794
-73.3033
-73.2459
-73.2345
-73.203
-72.5939
-72.736
-73.2255
-72.8811
-72.9128
-73.2975
-73.4523
-73.3159
-73.8006
-73.9739
-74.1893
-73.9768
-73.6479
-73.5695
-73.2825
-73.5438
-73.5775
-73.4342
-73.2282
-73.5079
-73.605
-73.5709
-73.0783
-73.0482
-72.9706
-72.7712
-72.7138
-72.9212
-73.0269
-73.4741
-73.5461
-73.4874
-73.4385
-73.6928
-74.1589
-73.8121
-73.9619
-73.7929
-74.1218
-74.2777
-74.2686
-73.9346
-73.7256
-73.5142
-73.2264
-73.3703
-73.6543
-73.3345
-73.0309
-73.306
-73.5968
-73.7871
-73.4052
-73.182
-73.0578
-72.7699
-72.6769
-72.8792
-73.1423
-73.0987
-72.9963
-72.8448
-73.0087
-73.2526
-73.3692
-73.422
-73.4226
-73.6311
-73.2748
-73.415
-73.3835
-73.8803
-73.6091
-73.6632
-73.7131
-73.2678
-73.3043
-73.5482
-73.5296
-73.4803
-73.5587
-73.549
-73.5912
-73.5507
-73.5673
-73.3199
-73.2936
-72.8541
-73.1437
-73.6992
-73.4157
-73.7591
-73.8964
-73.6388
-73.5854
-73.4098
-73.8218
-73.8821
-74.0241
-74.2627
-73.9354
-74.1871
-73.6792
-73.575
-73.401
-73.1919
-73.1591
-73.5783
-73.7148
-73.4769
-73.9367
-73.9853
-73.9565
-73.8278
-73.7243
-73.7736
-73.4182
-73.9229
-73.5406
-73.9441
-73.7801
-73.4964
-73.616
-73.1654
-73.3009
-73.4105
-73.5672
-73.2213
-73.5162
-73.6926
-74.2928
-74.6898
-74.994
-74.6868
-75.0376
-75.1271
-74.8401
-74.978
-74.6911
-74.7225
-74.6778
-74.7444
-75.4282
-76.2037
-76.3143
-76.706
-76.8066
-76.9572
-77.4309
-76.9422
-76.8768
-76.5716
-76.1733
-76.1457
-76.151
-76.0084
-75.6953
-75.3902
-75.2087
-75.1185
-74.9076
-75.27
-75.1094
-74.6087
-74.3815
-74.2294
-73.8613
-73.7722
-73.6278
-73.5842
-73.0574
-72.7923
-72.1626
-72.8088
-72.3745
-72.1675
-71.7324
-71.8179
-71.8384
-71.9191
-71.8355
-71.5349
-71.9914
-72.0951
-72.5839
-72.566
-72.7325
-72.7945
-73.0053
-73.2518
-73.5987
-73.5054
-73.2027
-73.1564
-72.992
-73.209
-73.1527
-73.3109
-73.2284
-72.8521
-72.9434
-73.1229
-73.5275
-73.8599
-73.7478
-73.6061
-73.6433
-73.4414
-73.5958
-73.7381
-74.1148
-74.3569
-74.1461
-74.141
-73.7824
-73.8294
-73.9996
-74.1192
-74.2946
-74.1366
-73.9051
-74.322
-74.0837
-74.2837
-74.5518
-74.7946
-74.6221
-73.9748
-73.7903
-73.6719
-73.6616
-73.6335
-73.673
-73.776
-73.6494
-73.697
-73.6484
-74.1059
-73.7677
-74.2458
-73.8487
-73.4851
-73.556
-73.3363
-73.0822
-73.0202
-73.3268
-73.1658
-73.1292
-73.0983
-73.1727
-73.0488
-72.9562
-73.0659
-73.191
-73.0888
-72.8727
-72.7353
-73.1385
-73.2702
-73.2946
-73.6353
-73.6224
-73.6816
-73.5882
-73.6507
-73.81
-73.7103
-73.6565
-73.2093
-73.2338
-73.1807
-73.4695
-73.9804
-73.879
-74.2694
-74.263
-74.0826
-74.1422
-74.2251
-74.0438
-74.3252
-74.3088
-74.3401
-73.9392
-74.0932
-74.0401
-74.0235
-73.9926
-74.212
-74.1271
-73.8814
-73.8188
-73.7432
-73.8776
-73.6623
-73.8377
-73.7078
-73.9961
-73.6234
-73.6769
-73.6871
-73.4619
-73.2631
-73.2934
-73.2156
-72.853
-73.0753
-73.1823
-73.2472
-73.0725
-73.1128
-73.2049
-72.9505
-72.8239
-72.679
-72.4614
-72.4195
-72.9785
-73.3308
-73.0056
-73.5085
-73.3043
-73.6064
-73.7536
-73.6137
-73.654
-73.7226
-73.6643
-73.5585
-73.393
-73.4633
-73.2281
-73.4669
-74.1787
-74.5436
-74.4901
-74.6383
-74.4971
-74.2142
-74.3512
-73.9629
-73.7095
-73.9025
-74.3136
-74.5469
-75.6089
-76.0429
-76.3871
-76.6154
-76.3873
-76.2799
-76.0741
-76.1296
-76.0905
-76.011
-75.8327
-76.0524
-75.5386
-75.4708
-75.8606
-75.6548
-75.9969
-75.5476
-75.1015
-74.8868
-74.4051
-74.5496
-74.6153
-74.3743
-74.2434
-73.8931
-73.9347
-73.5852
-73.8297
-73.5607
-73.611
-73.7783
-73.4301
-73.239
-72.9853
-72.6695
-72.0969
-71.4736
-71.3494
-71.2476
-71.5013
-71.5736
-71.2909
-70.9598
-71.3703
-71.0032
-71.3115
-71.5252
-71.8495
-72.3929
-72.7722
-72.4274
-72.6021
-72.7053
-72.1365
-72.1416
-72.3212
-72.6486
-72.805
-73.0166
-73.1646
-73.5023
-73.4988
-73.5184
-73.4659
-73.8598
-73.9155
-73.5214
-73.2385
-73.6189
-73.2361
-73.5855
-73.3636
-73.56
-73.6708
-73.2272
-73.0583
-73.2761
-73.4087
-73.8262
-73.7025
-74.0945
-74.3251
-73.8744
-73.438
-73.4639
-73.0652
-73.2001
-73.426
-73.8887
-74.1066
-74.0583
-73.9641
-74.0703
-73.7942
-73.8242
-73.3769
-73.403
-73.3929
-73.5004
-73.2893
-73.1509
-73.4487
-73.6415
-74.0556
-73.806
-73.6161
-73.7649
-73.6346
-73.5426
-73.4149
-73.3757
-73.2789
-73.9042
-73.7164
-73.5988
-74.0225
-73.872
-74.6918
-74.2001
-74.2611
-74.2924
-74.2266
-74.2064
-74.1765
-74.2274
-74.0912
-73.8936
-73.5916
-73.8787
-73.903
-73.9707
-73.546
-73.425
-73.3796
-72.9847
-72.9853
-73.0024
-73.2472
-73.0463
-73.2072
-73.3341
-73.0682
-73.1263
-73.1369
-73.0571
-73.2206
-73.0636
-73.3288
-73.3637
-73.0313
-73.3003
-73.587
-74.1449
-73.7925
-73.4212
-73.3215
-73.1693
-73.3288
-73.1931
-73.5354
-73.5319
-73.4719
-73.7691
-73.7476
-74.0579
-73.6961
-74.2423
-73.8979
-74.1175
-73.8232
-73.9622
-74.1027
-74.1954
-73.8537
-73.9122
-74.0115
-74.1437
-73.8542
-73.7766
-74.0453
-73.9064
-74.1918
-74.057
-73.8574
-74.2104
-74.0053
-74.1753
-74.072
-74.1071
-73.6731
-73.6773
-73.5911
-74.1254
-74.4932
-75.0123
-75.3381
-75.2555
-74.9918
-74.9044
-74.9001
-74.6562
-74.8039
-74.7821
-74.6854
-75.0276
-75.6652
-75.9575
-76.2671
-76.6573
-76.518
-76.8689
-76.6288
-76.6331
-76.4373
-76.0942
-76.2573
-76.0983
-75.9756
-75.8861
-75.4517
-75.2809
-75.602
-75.3546
-74.8505
-74.0041
-73.9742
-74.2905
-73.8942
-73.6185
-73.5513
-73.6241
-73.4672
-73.0519
-73.4746
-73.2275
-73.5254
-73.4477
-73.165
-73.2257
-72.7011
-72.6392
-72.4483
-72.3231
-72.1873
-72.1151
-72.227
-71.9525
-71.6576
-71.9729
-71.8249
-72.1066
-72.1187
-72.3771
-72.5841
-72.5933
-72.8672
-73.1883
-72.7667
-73.0611
-72.7064
-72.6393
-72.4554
-72.9122
-72.8554
-72.7139
-73.0161
-73.1002
-72.8137
-73.1652
-73.2301
-73.3983
-73.4754
-74.0015
-73.5183
-73.5599
-73.2966
-73.4748
-73.6482
-73.9556
-74.0798
-74.1163
-73.8706
-73.6069
-73.6873
-73.6645
-73.3795
-73.6853
-73.9918
-74.0263
-73.8114
-73.9745
-74.1058
-74.498
-74.1236
-73.7162
-73.6627
-73.0714
-73.5668
-74.0748
-73.6103
-73.4331
-73.7609
-73.532
-73.6085
-73.8507
-73.781
-73.8162
-73.5805
-73.2614
-73.1384
-73.4686
-73.6416
-73.7087
-73.4045
-73.547
-73.5365
-73.6104
-73.771
-73.4938
-73.4621
-73.7157
-73.7329
-73.3662
-73.7825
-73.3462
-73.5375
-73.8649
-73.717
-73.9548
-73.864
-73.8952
-73.8768
-73.8499
-73.6152
-73.8789
-73.8583
-73.5485
-73.1181
-72.8468
-73.0491
-73.5466
-73.9995
-74.1431
-74.2393
-74.2439
-74.3839
-74.1931
-74.1126
-74.1779
-74.2578
-73.8107
-73.68
-73.4523
-73.9657
-73.8192
-73.8846
-73.8988
-73.9836
-74.266
-73.8449
-73.8489
-73.488
-74.0411
-74.3185
-74.7475
-74.698
-74.0985
-73.9649
-74.0572
-74.3601
-73.922
-73.8017
-74.0863
-73.8683
-73.9398
-73.642
-73.4235
-73.2863
-73.4348
-73.365
-73.3392
-73.3921
-73.6055
-73.8971
-73.9247
-74.1084
-73.8144
-73.9339
-73.6552
-73.5233
-73.7404
-73.8468
-74.0594
-73.8238
-73.977
-74.0115
-74.4484
-74.1586
-74.7634
-75.0257
-74.8827
-75.2942
-75.1533
-74.7652
-74.9426
-74.6959
-74.6621
-74.6928
-74.5665
-74.5048
-74.4621
-75.2956
-75.7725
-76.3387
-76.4784
-76.296
-76.0841
-75.988
-75.9322
-76.0892
-75.9578
-76.0124
-76.2765
-76.1794
-75.7999
-75.2512
-75.0885
-74.9699
-74.9735
-74.9785
-74.6446
-74.1752
-74.2645
-73.9501
-73.9321
-73.6481
-73.5086
-73.1827
-72.7335
-73.107
-73.1159
-72.8604
-72.3929
-72.2581
-72.3124
-72.1804
-72.295
-72.1465
-71.9552
-71.2889
-70.8413
-70.7543
-71.0964
-71.6357
-71.3695
-71.4042
-71.3594
-71.5317
-71.6936
-71.8234
-72.1178
-72.7194
-72.871
-73.048
-73.0598
-72.8509
-72.817
-72.8437
-72.8778
-72.8823
-73.1281
-73.0363
-73.0792
-73.4007
-73.6591
-73.6797
-73.5387
-73.3795
-73.8345
-73.7377
-73.8067
-73.8369
-73.79
-73.4109
-72.7496
-72.596
-72.515
-72.5651
-72.7881
-72.8654
-72.8887
-72.8224
-72.6841
-73.0016
-73.1956
-73.1093
-73.2133
-73.3866
-73.4787
-73.547
-73.5586
-73.6872
-73.9787
-73.8988
-73.5864
-73.7248
-73.4106
-73.1599
-73.1835
-73.3942
-73.2104
-73.2043
-73.7208
-73.7654
-73.8482
-73.6003
-73.7935
-73.8819
-73.7456
-73.7879
-74.0277
-73.9641
-73.9352
-73.8151
-73.9989
-74.0487
-73.925
-73.7986
-73.9943
-73.8348
-74.0238
-73.5932
-73.6471
-73.5289
-73.1144
-73.0087
-73.5732
-73.7524
-74.2078
-74.0037
-73.8896
-74.0209
-74.0174
-73.8864
-73.9369
-73.9477
-73.8657
-73.6469
-73.6882
-74.0508
-73.7922
-74.0418
-73.9415
-73.9294
-73.7647
-73.3658
-73.1663
-73.4335
-73.3853
-73.4047
-73.2569
-73.592
-73.3805
-73.4452
-73.8009
-74.1898
-73.6233
-73.258
-73.2402
-73.4312
-73.4415
-73.3471
-73.2941
-73.303
-73.5746
-73.6087
-73.1891
-72.9421
-73.2735
-73.4298
-73.4468
-73.678
-73.6198
-73.6198
-73.6905
-73.6014
-73.2517
-73.4774
-73.3527
-73.544
-73.7796
-74.0883
-74.1211
-74.2045
-74.2775
-74.4613
-74.5407
-74.646
-74.3938
-74.4989
-74.3665
-74.1337
-73.7522
-73.5176
-73.3167
-73.6936
-74.0224
-74.2756
-74.5589
-74.3789
-74.1202
-74.4257
-74.3639
-74.4652
-74.2402
-74.2271
-74.3677
-74.4665
-75.2576
-75.9996
-76.2327
-76.1892
-76.2305
-76.3571
-76.2066
-75.9656
-75.7844
-75.5867
-75.5135
-75.6301
-75.4835
-74.8316
-74.4562
-74.7692
-74.885
-74.795
-74.9935
-74.8777
-74.7177
-74.4951
-73.896
-73.9945
-73.6892
-73.473
-73.6239
-73.3033
-73.2164
-73.1468
-73.2765
-73.2721
-73.2992
-72.999
-73.219
-73.0315
-72.9083
-72.1873
-72.0934
-72.1838
-71.831
-72.0016
-71.9697
-71.8262
-71.9634
-72.2123
-72.2902
-72.5246
-72.3286
-72.5359
-73.016
-72.7935
-73.143
-72.8942
-73.0703
-72.5988
-72.5838
-73.3506
-73.4314
-73.3889
-72.8614
-72.8803
-73.3929
-73.5367
-72.9864
-73.0094
-73.2887
-73.4418
-73.8553
-74.2273
-73.8016
-73.8455
-73.8193
-73.994
-73.5127
-73.6467
-73.6597
-73.6553
-73.754
-73.7103
-73.7624
-73.7979
-73.906
-73.8457
-73.9547
-73.7968
-73.7434
-73.8728
-73.8834
-73.8307
-74.0083
-73.802
-73.9247
-73.9987
-74.1663
-74.4021
-73.8794
-73.4306
-73.4733
-73.4292
-73.8415
-74.1265
-74.3395
-75.0176
-74.9604
-74.8035
-74.7488
-74.3989
-73.9238
-74.117
-73.8134
-73.8765
-73.9249
-73.8934
-74.1674
-74.3125
-74.0662
-74.0905
-73.6413
-73.5248
-73.6379
-73.6212
-73.5393
-73.3011
-73.6309
-72.8707
-72.8009
-73.1997
-73.3318
-73.637
-73.6267
-73.9764
-73.7283
-73.7811
-73.4083
-73.2799
-73.4497
-73.4039
-73.5307
-73.8567
-73.5743
-73.6931
-73.8639
-73.4873
-73.5314
-73.7045
-73.2513
-73.2033
-73.4417
-73.6341
-73.3479
-73.2758
-73.6197
-73.7654
-73.9006
-74.2919
-74.3171
-73.9725
-74.1191
-73.991
-73.7098
-73.8243
-73.403
-73.459
-73.4081
-73.2277
-73.5939
-73.4767
-73.4435
-73.3124
-73.5378
-73.848
-73.4852
-73.5248
-73.4371
-73.5377
-73.7065
-73.8367
-73.4855
-73.2207
-73.4936
-73.3419
-73.3031
-73.2518
-73.6765
-73.8743
-73.4216
-73.6422
-73.5236
-73.5393
-73.7742
-73.6437
-73.5693
-74.2501
-74.6323
-74.6812
-74.7286
-74.9469
-74.8408
-74.8392
-75.0629
-75.1505
-74.9063
-75.0904
-75.0305
-75.1445
-75.745
-76.2614
-76.5756
-76.5573
-76.3511
-76.5517
-76.3669
-76.2452
-76.0943
-75.7422
-75.389
-75.565
-75.6196
-75.6336
-75.5838
-74.8023
-74.4205
-74.1203
-73.9202
-74.0759
-74.1985
-74.073
-74.5483
-74.336
-74.147
-73.6085
-73.2848
-73.5065
-73.1523
-72.6245
-72.1105
-71.8067
-71.5484
-71.3848
-71.3607
-71.131
-70.5865
-70.4012
-70.8167
-71.3145
-70.8868
-70.9121
-70.7402
-71.0862
-71.1306
-71.2996
-71.6295
-71.7449
-71.9595
-72.0278
-71.9803
-72.0853
-72.2379
-72.456
-72.7414
-72.7327
-71.9858
-72.5159
-73.0779
-72.9525
-72.9765
-73.3109
-72.9678
-73.0626
-73.3369
-73.4947
-73.6692
-73.5846
-73.667
-73.325
-73.7487
-73.4108
-73.1965
-73.2734
-73.5459
-73.733
-73.7205
-74.2343
-74.0958
-74.1692
-74.2232
-74.3805
-74.5576
-74.5895
-74.7993
-74.9054
-74.5889
-74.2301
-74.148
-73.8133
-73.8649
-73.9317
-73.8253
-73.6637
-73.8561
-73.3774
-73.5956
-73.3951
-73.4772
-73.6343
-74.0373
-73.7691
-73.8364
-73.4446
-73.355
-73.5317
-73.2567
-73.5956
-73.4219
-73.1475
-73.4587
-73.2464
-73.1232
-73.3564
-73.4045
-73.7802
-73.5601
-73.5349
-73.77
-73.7371
-73.6945
-73.9785
-74.1646
-73.9552
-74.1733
-73.4225
-73.5923
-73.6882
-73.6251
-73.5652
-73.5598
-73.6495
-73.3421
-73.0849
-73.3675
-73.7576
-73.3951
-73.2593
-73.5508
-73.269
-73.5459
-73.1989
-72.8837
-73.091
-73.3377
-73.3763
-73.214
-73.1944
-73.456
-73.1893
-73.4166
-73.5347
-73.4692
-73.3603
-73.4335
-73.7156
-73.9347
-73.8854
-74.3259
-74.1803
-74.6037
-74.621
-74.7348
-74.7239
-74.6523
-74.7239
-73.8413
-73.9135
-73.8026
-73.8053
-74.2915
-73.8096
-73.6443
-73.754
-73.6118
-73.443
-73.4435
-73.1924
-73.4815
-73.1526
-73.4505
-73.3941
-73.1666
-72.8877
-73.3343
-73.4489
-73.5781
-73.7304
-73.4882
-73.6251
-73.4966
-73.725
-73.6521
-73.3425
-73.6076
-74.2097
-74.5164
-74.5936
-74.6702
-74.5967
-74.3508
-74.2663
-74.2876
-74.6146
-74.6092
-74.8344
-74.5437
-75.6956
-75.8979
-76.2936
-76.6763
-76.2554
-76.0701
-76.2764
-76.3013
-76.2008
-76.6031
-76.4695
-75.9408
-75.3814
-75.1062
-74.6711
-75.1613
-74.9903
-75.1348
-74.859
-74.8937
-74.5448
-74.1994
-73.9381
-74.1665
-74.2603
-74.4576
-74.1664
-73.7669
-73.3662
-73.131
-73.0532
-72.9152
-72.3043
-72.0564
-71.8462
-71.7061
-71.6607
-71.6778
-71.6725
-71.6586
-71.7869
-72.1344
-72.1108
-72.1903
-72.4848
-72.5281
-72.106
-72.1812
-72.2333
-72.4615
-72.3539
-72.2597
-72.4142
-72.5289
-72.4651
-72.2019
-72.2994
-72.4663
-71.9767
-72.0076
-72.3955
-72.6393
-72.6208
-72.8486
-72.9659
-72.8378
-72.7837
-72.9623
-73.4399
-73.4552
-73.5461
-73.3102
-73.3576
-73.0313
-73.4679
-73.4532
-73.8382
-73.7718
-73.6909
-73.5033
-73.5411
-73.7329
-73.7932
-73.7615
-73.6202
-73.6734
-74.0672
-74.0998
-73.5615
-73.609
-72.984
-72.7616
-72.7317
-72.9185
-72.9058
-73.028
-72.9193
-73.2325
-73.2625
-73.3049
-73.2841
-73.3011
-73.5015
-73.7685
-73.617
-74.2739
-74.0987
-74.0021
-74.3939
-74.1499
-73.6554
-73.8279
-73.5703
-73.27
-72.9035
-73.3954
-73.7098
-73.6561
-73.533
-73.5011
-73.4153
-73.5653
-73.1018
-73.4962
-73.2324
-72.8962
-72.9784
-73.3601
-73.8371
-73.7782
-73.896
-73.8912
-73.9333
-73.607
-73.5523
-73.1625
-73.1176
-73.1714
-73.3681
-73.1455
-73.7023
-73.4302
-73.8562
-73.7562
-73.5683
-73.2412
-72.8935
-73.0086
-73.2351
-73.9627
-74.3242
-74.2706
-74.1851
-73.5805
-73.4889
-73.7125
-73.4022
-73.6883
-73.7679
-73.6687
-74.1438
-73.9751
-73.7219
-74.3938
-74.2041
-74.3379
-74.3792
-73.9817
-73.8706
-73.7495
-73.6864
-73.1131
-72.8395
-73.1121
-73.19
-73.0298
-73.4426
-73.4617
-73.1901
-73.4692
-73.5432
-73.0819
-72.9369
-73.0977
-73.2058
-73.2741
-73.1719
-73.6801
-73.5784
-73.8187
-73.6762
-73.4106
-73.5467
-73.8999
-74.0217
-74.8575
-74.6979
-74.8105
-75.077
-75.065
-75.1621
-75.1413
-75.0308
-74.7482
-74.8756
-75.2114
-75.7493
-76.0853
-76.1833
-76.2294
-76.4197
-76.4727
-76.3543
-76.502
-76.6362
-76.2239
-76.2542
-76.0355
-75.5628
-75.4784
-75.1075
-74.8199
-74.5074
-74.2517
-74.3603
-73.8086
-73.7065
-74.1124
-74.1659
-73.9029
-73.8095
-73.949
-73.962
-74.0093
-73.6106
-73.5109
-73.5022
-73.2919
-73.0726
-72.9356
-72.6499
-72.8144
-72.5972
-72.2942
-71.8562
-71.9372
-72.0783
-71.6192
-71.6029
-71.6726
-71.4132
-71.4073
-72.0368
-72.2309
-71.983
-72.0378
-72.0782
-72.0017
-72.1297
-71.985
-71.8961
-72.2481
-72.6895
-72.6218
-72.5551
-72.3699
-73.1012
-73.2453
-73.3248
-73.3672
-73.2235
-73.695
-73.4423
-73.3902
-73.2255
-73.0397
-72.7378
-72.7458
-73.4172
-72.7193
-72.8239
-73.0017
-72.5139
-72.6019
-72.6513
-72.9295
-73.1819
-73.4322
-73.3603
-73.7618
-73.9751
-73.8113
-73.6969
-73.7612
-73.8718
-74.0542
-74.2506
-74.2233
-74.5402
-74.5892
-74.8014
-74.739
-74.6111
-74.2724
-74.5818
-74.5828
-74.4879
-74.3275
-73.9909
-73.799
-73.5673
-73.5597
-73.5793
-73.6687
-73.8112
-73.841
-73.4689
-73.6593
-73.6139
-73.7623
-73.6737
-73.4793
-73.7129
-73.8011
-73.7577
-73.5111
-73.7476
-73.9486
-74.4919
-74.7615
-74.6913
-74.4171
-74.2832
-73.9369
-73.7574
-73.2755
-73.1226
-73.4263
-73.6556
-73.6823
-73.9179
-73.9521
-73.8956
-73.5403
-73.2848
-73.5548
-73.3342
-73.3544
-73.3566
-73.6713
-73.4348
-73.915
-74.0496
-74.1931
-74.4523
-74.2929
-74.5409
-74.2792
-74.1547
-74.1894
-74.3082
-74.7005
-74.2583
-74.3239
-74.1296
-74.0311
-73.704
-73.3424
-73.4383
-73.6684
-73.4276
-73.6408
-73.8886
-74.0357
-73.6493
-73.6076
-73.2497
-73.2287
-73.1934
-73.1271
-73.3455
-73.2465
-73.5025
-73.7177
-73.7903
-73.458
-73.3923
-73.3878
-73.192
-73.3663
-73.3773
-73.4739
-73.9
-73.7152
-73.6191
-73.9048
-74.0743
-74.1622
-74.3015
-74.3972
-74.664
-74.8049
-74.4609
-74.4515
-74.3649
-74.1673
-74.001
-73.6481
-73.8913
-74.2036
-74.8358
-75.7219
-75.7211
-75.7144
-76.1745
-76.2425
-76.2407
-76.2659
-76.3024
-75.9839
-76.0091
-75.8767
-75.389
-75.0435
-74.9804
-75.185
-75.4085
-75.4051
-75.1109
-75.0424
-74.8073
-74.513
-74.3894
-73.8598
-73.6948
-73.3292
-73.0925
-72.9354
-73.0401
-72.7408
-72.4218
-73.0606
-73.5334
-73.266
-72.6788
-72.4972
-72.5841
-72.3015
-71.9027
-71.9072
-71.9998
-71.9163
-71.8727
-71.8011
-71.9882
-72.1606
-72.2433
-72.3641
-72.1477
-72.3815
-72.3647
-72.0405
-71.8906
-72.1816
-72.1292
-72.0408
-72.0046
-72.3456
-72.6148
-72.7893
-72.7731
-72.8533
-73.6748
-73.8935
-73.4483
-73.5273
-73.3937
-73.3509
-73.6247
-73.7241
-73.6418
-73.4917
-73.6883
-73.5141
-73.4739
-73.0933
-73.2971
-72.949
-73.4811
-73.3595
-73.0865
-73.0976
-73.0946
-73.4659
-73.7738
-73.489
-73.3806
-72.9327
-72.9595
-72.8784
-73.045
-72.9855
-73.2137
-73.4005
-73.665
-73.3825
-73.2375
-72.7994
-73.1588
-73.0949
-72.9547
-73.4047
-73.1289
-73.508
-73.5531
-73.906
-73.8565
-74.1781
-74.325
-74.0633
-73.6722
-73.439
-73.8876
-73.9341
-74.229
-74.154
-74.2724
-74.1423
-73.9862
-73.9739
-74.1371
-74.0186
-73.6381
-72.9612
-72.7031
-72.5439
-72.8077
-72.8256
-72.9949
-73.2359
-73.1806
-73.3351
-73.2138
-73.5716
-74.0488
-73.6265
-73.5081
-73.4365
-73.6569
-73.5958
-73.6007
-73.7122
-73.587
-73.303
-73.7024
-73.6406
-73.8758
-73.8078
-73.9535
-73.6794
-73.5004
-73.6078
-73.6868
-73.8528
-73.7964
-74.0751
-74.3015
-74.3526
-73.9869
-73.6867
-74.003
-73.6857
-73.1443
-73.153
-73.3224
-73.2941
-73.2686
-73.5951
-73.51
-73.5772
-73.587
-73.3811
-73.3938
-73.363
-73.6426
-73.79
-73.4702
-72.7067
-72.8734
-72.8433
-73.0282
-73.3435
-73.8779
-73.8232
-73.81
-73.5068
-73.7248
-74.006
-73.6093
-73.848
-73.941
-73.8264
-73.7967
-73.8791
-73.8313
-74.003
-74.1758
-74.3843
-74.3762
-74.1102
-73.8856
-74.0723
-74.2754
-74.5027
-73.8403
-73.6933
-74.8641
-75.5699
-76.5401
-76.6302
-76.5299
-76.4298
-76.3077
-76.3291
-76.4115
-76.1624
-75.8171
-76.1181
-75.6468
-75.3399
-75.5522
-75.4258
-75.5616
-75.4386
-75.0521
-74.6269
-74.7604
-74.4861
-74.3087
-73.802
-73.2058
-73.0617
-72.9029
-72.9534
-72.8671
-72.53
-72.171
-72.5075
-72.3176
-72.4436
-72.4477
-72.1156
-71.926
-71.5396
-71.2951
-71.5405
-71.4037
-71.1504
-71.3033
-71.1544
-71.5459
-71.5868
-71.4522
-71.8593
-72.1033
-72.6098
-72.8044
-73.0572
-72.7329
-72.8558
-73.0844
-73.203
-73.2009
-73.7315
-73.7573
-73.9206
-73.7786
-73.6261
-73.6541
-73.2301
-73.1655
-73.3033
-73.2363
-72.9404
-72.4146
-72.3438
-72.5195
-72.8705
-72.8575
-73.2304
-73.2326
-73.1657
-73.3459
-73.4983
-73.8478
-73.8923
-73.8751
-73.3989
-73.2694
-73.5264
-73.5288
-73.4517
-73.6214
-73.7717
-73.5863
-73.4231
-73.777
-73.7135
-73.4904
-73.8828
-73.8938
-73.7358
-73.9625
-73.8478
-73.8741
-73.7691
-73.9688
-73.786
-73.9712
-73.9959
-74.2446
-74.6492
-74.3903
-74.1098
-73.8004
-73.7549
-73.6514
-73.9426
-74.0631
-73.9079
-73.9809
-73.7047

